1107 420
1108 421
1110 421
1112 422
1114 423
1116 424
1119 423
1124 422
1127 421
1130 419
1131 419
1131 419
1131 418
1132 415
1133 413
1135 412
1137 412
1139 410
1141 408
1144 408
1144 405
1146 402
1148 401
1149 400
1149 397
1150 394
1151 393
1152 391
1153 389
1153 386
1153 383
1153 381
1153 380
1155 379
1158 379
1162 378
1164 377
1165 376
1165 375
1161 375
1159 375
1155 377
1151 378
1151 377
1151 375
1150 374
1149 372
1147 371
1146 371
1144 371
1142 374
1140 376
1137 377
1134 377
1133 377
1129 377
1124 377
1122 377
1120 377
1116 379
1118 382
1116 383
1115 384
1112 386
1109 387
1107 387
1104 387
1103 388
1102 391
1100 394
1101 397
1101 400
1102 404
1102 407
1105 409
1107 411
1108 412
1109 414
1107 416
1107 418
1108 420
1110 421
1111 422
1111 422
1111 422
1115 416
1115 416
