837 377
837 377
837 377
835 376
833 376
831 376
828 376
826 377
825 378
823 379
821 379
819 378
816 378
813 380
811 380
808 380
806 381
805 381
803 380
801 379
799 380
796 383
792 384
788 388
786 388
786 388
786 389
786 391
788 393
788 396
788 399
788 402
789 404
789 406
789 407
787 407
784 406
783 406
782 407
780 408
778 408
776 409
776 411
776 411
776 412
774 412
772 414
771 414
771 415
770 416
770 419
768 419
767 420
765 421
763 421
762 422
758 423
756 425
755 425
753 427
752 429
751 431
751 433
751 434
752 437
754 438
755 440
756 441
758 442
759 443
761 444
764 445
766 447
768 448
770 450
772 451
774 453
775 455
776 455
778 457
781 458
783 460
785 461
786 463
788 465
790 467
792 468
793 469
795 470
797 472
798 473
800 474
802 475
803 476
804 477
806 478
808 478
808 479
811 481
811 482
812 483
814 484
814 485
815 485
816 485
819 486
817 484
817 484
817 484
820 482
824 482
826 480
828 479
831 477
834 475
837 473
839 471
839 471
840 469
842 468
844 467
847 466
848 465
850 462
852 461
854 459
854 458
855 456
855 455
854 454
852 453
851 453
850 452
849 452
847 449
846 447
846 446
845 444
844 443
844 441
844 439
844 438
845 435
845 434
847 431
847 429
847 427
846 424
845 422
844 421
843 418
842 415
841 413
840 407
840 407
839 406
837 404
837 403
835 400
835 399
834 396
834 393
834 392
836 390
837 389
838 386
836 384
836 381
836 381
837 379
838 378
838 377
836 377
834 377