856 703
856 703
856 703
856 703
856 702
856 699
857 696
858 694
859 690
859 689
860 685
860 682
862 679
863 677
865 672
866 669
867 666
867 663
865 659
864 657
863 655
863 654
865 652
864 648
863 647
861 641
860 640
860 636
859 636
860 635
862 635
866 634
869 634
870 634
872 634
877 634
880 635
881 636
882 639
884 642
885 645
886 648
888 648
894 648
896 648
897 646
900 643
902 643
905 643
906 643
907 645
908 649
909 652
909 657
910 661
911 664
912 665
915 665
917 664
920 665
921 668
920 671
919 673
919 675
917 677
915 678
910 679
910 682
908 685
908 688
908 693
908 696
910 698
912 699
914 701
915 703
915 704
910 705
907 706
905 706
902 706
898 708
896 708
893 705
887 703
885 704
882 705
877 705
872 705
869 705
867 705
866 702
865 702
860 703
859 704
856 704
