517 753
517 753
516 753
514 755
512 756
512 756
512 757
514 758
513 759
511 760
510 762
508 763
506 764
503 763
502 762
500 761
499 761
498 761
498 761
497 762
496 762
496 756
497 751
497 750
497 749
495 749
494 748
493 747
491 747
489 744
488 744
485 744
483 743
476 742
475 741
473 736
471 733
470 732
468 732
465 731
465 731
464 732
462 733
460 733
459 732
458 731
457 730
454 730
453 730
449 732
448 733
447 735
447 738
448 740
449 741
449 741
449 742
445 744
445 744
443 745
442 746
442 746
441 747
442 751
444 753
444 754
444 756
444 758
443 762
442 763
442 764
441 766
440 768
440 769
440 771
438 774
438 775
439 778
441 779
442 780
441 782
441 783
441 786
441 786
440 788
443 792
444 795
445 797
447 798
447 800
448 801
447 803
447 805
446 809
446 812
447 815
446 815
445 816
445 817
445 819
445 821
446 825
447 826
447 830
447 831
446 834
447 837
448 841
448 844
448 847
449 851
451 853
452 858
456 862
457 864
458 867
461 868
461 869
462 872
462 873
462 877
464 882
464 885
464 887
463 889
463 892
463 894
465 899
469 903
469 904
471 906
471 906
475 906
477 907
478 908
482 908
483 909
485 910
491 909
490 909
489 908
486 906
485 904
485 901
485 899
485 895
486 893
487 892
488 890
491 888
492 885
492 882
488 880
487 879
486 879
482 875
482 874
482 872
485 870
487 868
488 866
488 864
488 862
487 860
487 858
487 857
488 857
489 857
491 856
491 854
491 853
489 852
486 851
485 851
484 848
484 845
484 845
485 845
489 846
492 846
494 844
493 840
491 836
491 831
492 833
496 834
500 834
503 834
506 831
506 831
508 830
509 829
512 827
513 825
514 822
515 817
513 813
512 812
511 812
510 811
509 809
508 807
503 807
501 805
502 802
502 798
503 793
503 788
503 785
503 783
503 780
504 777
507 773
509 771
512 768
516 764
520 761
520 759
520 757
519 755
518 754
516 752
