1543 665
1543 665
1543 665
1543 665
1543 665
1543 665
1543 665
1540 668
1539 671
1538 675
1539 678
1539 679
1538 682
1537 683
1537 684
1536 686
1535 688
1534 692
1533 694
1532 695
1531 697
1531 699
1529 700
1521 702
1523 704
1519 699
1518 698
1517 697
1515 695
1513 695
1510 692
1508 689
1507 688
1506 687
1505 684
1505 683
1508 682
1511 677
1511 675
1513 672
1513 671
1511 671
1507 670
1506 670
1504 669
1501 668
1498 668
1497 668
1494 667
1491 667
1490 666
1490 666
1490 666
1488 667
1490 669
1491 670
1492 671
1490 672
1488 672
1480 671
1479 671
1479 672
1478 674
1478 675
1475 678
1475 678
1473 680
1472 682
1472 683
1472 684
1474 685
1476 686
1476 687
1475 687
1473 687
1469 688
1465 688
1464 685
1463 683
1462 682
1461 681
1461 681
1459 681
1457 683
1455 684
1453 685
1452 686
1451 687
1450 687
1447 689
1447 690
1447 691
1446 694
1444 694
1441 696
1441 697
1442 699
1442 699
1440 699
1439 699
1435 699
1432 701
1432 702
1432 704
1432 706
1432 707
1431 709
1429 710
1426 712
1426 713
1425 714
1417 718
1416 718
1411 718
1409 719
1408 719
1405 721
1403 722
1401 723
1400 725
1397 726
1394 728
1392 729
1387 732
1384 733
1382 736
1381 740
1381 744
1382 747
1382 750
1381 755
1379 756
1378 756
1376 757
1376 759
1376 762
1378 764
1379 767
1380 770
1380 773
1380 776
1380 780
1380 782
1380 785
1380 788
1380 791
1378 793
1376 796
1374 800
1373 801
1374 805
1375 806
1377 807
1380 808
1387 811
1388 811
1397 809
1396 808
1396 807
1396 806
1397 806
1397 806
1402 806
1405 805
1409 805
1410 805
1412 805
1418 805
1417 804
1416 802
1416 801
1418 798
1419 797
1423 796
1427 795
1432 793
1439 792
1442 792
1449 791
1451 789
1455 789
1459 789
1465 792
1468 793
1472 796
1472 798
1473 803
1473 805
1475 805
1479 804
1483 801
1486 798
1488 798
1489 798
1489 799
1486 803
1484 805
1484 805
1483 805
1482 807
1483 808
1486 806
1490 805
1490 805
1487 808
1488 810
1489 810
1490 811
1492 812
1489 816
1488 819
1490 826
1492 826
1501 829
1508 829
1508 829
1510 826
1511 826
1514 831
1519 832
1523 830
1527 828
1530 826
1532 825
1534 825
1535 824
1537 820
1539 818
1540 816
1542 814
1548 811
1549 809
1549 807
1556 805
1556 802
1560 798
1560 798
1562 796
1564 793
1568 787
1571 784
1572 783
1577 780
1577 774
1578 769
1580 766
1577 761
1578 759
1581 755
1584 750
1578 750
1576 749
1580 747
1579 742
1576 739
1574 737
1572 732
1566 731
1566 727
1566 722
1566 720
1563 716
1561 713
1560 713
1557 710
1554 703
1554 700
1553 697
1553 695
1553 693
1553 687
1550 686
1548 684
1547 680
1546 677
1545 673
1544 666
1543 665