1037 369
1037 369
1036 369
1036 368
1037 368
1037 368
1041 365
1040 364
1039 361
1040 358
1040 356
1037 353
1036 351
1033 350
1031 350
1029 350
1026 350
1023 348
1022 347
1019 346
1017 344
1013 343
1010 343
1006 342
1004 341
1001 339
998 338
994 337
993 337
991 338
991 342
994 344
996 346
996 350
998 351
1001 352
1003 352
1006 353
1008 354
1009 354
1010 354
1010 354
1012 354
1014 353
1015 352
1017 352
1019 351
1020 353
1020 354
1021 358
1022 360
1023 362
1024 363
1025 363
1025 363
1027 363
1030 362
1030 362
1032 363
1033 364
1036 368
1037 369
1038 369
1039 368
1039 367
1039 365
