896 361
896 361
896 361
900 358
903 356
904 354
907 353
909 351
909 350
908 350
907 349
906 348
906 348
905 347
904 347
903 346
902 345
902 343
900 342
899 342
897 341
895 340
894 340
892 339
891 338
890 337
890 336
889 332
889 332
889 331
889 331
888 331
888 330
887 330
887 330
887 330
886 330
885 330
885 330
882 329
881 329
878 332
877 333
877 335
877 336
877 337
878 338
879 339
881 340
882 341
884 342
886 345
887 346
888 347
892 350
894 353
894 354
894 357
894 360
895 362
897 362
897 363
895 364
895 364
895 364
897 364
897 362
898 361
901 357
903 355
906 354
909 351
909 351
