940 292
940 292
940 292
940 292
940 292
941 292
941 292
941 292
940 292
940 291
940 288
942 288
943 288
943 285
944 283
945 282
947 281
946 280
944 280
943 278
942 277
941 274
939 273
939 270
938 269
935 268
933 268
931 268
929 266
928 266
926 267
923 269
921 269
919 270
918 273
917 274
914 275
911 277
909 277
907 278
906 278
906 281
908 283
907 285
906 285
907 287
909 288
909 290
909 292
909 292
914 291
916 289
917 289
920 289
921 289
923 289
925 290
927 291
932 291
935 291
937 291
942 288
941 287
948 287
