428 665
428 665
428 668
427 670
429 672
432 674
432 677
431 680
430 682
430 688
431 690
432 694
431 698
430 700
430 703
428 707
427 708
427 710
429 710
431 709
433 709
435 713
435 715
437 716
438 720
438 723
438 726
440 729
442 731
443 732
443 736
443 737
444 738
445 737
447 735
448 735
448 735
450 732
451 732
451 731
453 731
455 731
457 732
459 731
461 731
463 732
464 732
467 732
468 732
468 729
470 727
473 724
473 720
474 719
476 719
476 719
485 718
485 718
489 717
493 718
493 719
494 715
495 711
493 706
492 705
490 703
488 702
488 698
486 697
485 697
481 696
479 695
478 693
478 692
477 688
477 684
474 682
472 681
470 680
469 680
467 679
465 677
463 676
461 675
460 674
457 673
454 671
452 670
449 667
448 665
448 661
448 659
447 659
446 659
442 660
439 662
436 664
436 664
432 666
430 666
427 666
426 666
