900 750
901 751
902 753
902 754
900 757
900 758
900 758
902 759
904 759
907 760
908 760
911 758
912 756
913 754
914 752
914 752
917 752
918 753
920 754
926 755
926 755
926 753
927 752
929 749
929 747
931 746
932 746
932 743
934 741
935 740
936 739
937 739
938 739
939 737
940 735
940 735
941 734
943 734
944 733
945 732
945 731
945 730
943 729
941 729
939 727
939 725
938 723
935 722
934 720
933 719
932 717
931 715
929 714
928 712
928 711
927 709
926 708
926 707
925 706
924 706
923 706
920 706
920 708
919 709
917 709
917 709
916 708
912 708
911 708
908 708
905 710
903 711
903 712
904 715
904 717
904 720
904 723
905 725
904 728
903 730
902 730
899 730
898 731
896 734
898 736
898 740
898 741
898 743
897 744
897 745
897 749
898 749
900 750
901 750
902 752
902 752
