521 574
521 574
521 574
521 574
521 574
521 574
521 574
521 574
521 574
521 574
521 574
516 575
515 578
515 580
515 583
513 585
511 586
509 585
507 584
505 584
502 584
500 585
498 585
496 587
497 587
495 587
493 587
489 587
487 588
484 589
479 589
478 585
477 580
477 576
476 570
474 567
472 570
472 571
470 573
467 573
463 574
461 576
458 576
456 575
454 574
452 573
450 575
453 578
455 581
456 583
456 586
455 587
452 589
450 591
449 592
446 593
443 593
440 592
439 590
438 587
437 587
435 587
432 588
430 589
427 590
424 590
425 592
427 593
426 595
424 595
423 596
423 598
423 601
424 602
426 604
427 606
427 607
427 609
426 611
424 613
424 616
424 620
423 621
421 622
420 624
417 625
414 627
412 629
411 630
408 634
408 638
407 639
406 641
404 645
405 646
406 650
406 650
407 653
409 656
410 656
412 658
415 659
418 660
420 659
422 656
422 656
424 656
423 658
423 659
423 662
426 664
428 665
429 665
435 663
439 660
442 657
445 657
445 657
447 657
448 657
450 660
449 664
449 667
450 668
452 671
455 672
456 673
458 673
460 675
467 676
467 676
470 681
471 681
471 681
476 680
475 681
476 686
477 689
478 693
480 694
482 695
484 697
486 697
487 698
487 703
489 703
491 704
494 709
494 713
493 715
493 718
491 721
492 723
493 727
495 729
498 731
501 733
503 734
505 736
507 738
508 741
510 742
514 742
515 742
515 745
515 746
516 750
515 753
515 756
517 758
518 760
517 762
510 765
510 769
509 772
505 777
505 780
506 782
510 782
512 783
513 784
515 785
518 787
520 788
523 792
525 793
527 795
528 795
528 795
530 793
531 789
532 786
532 786
534 784
538 782
538 782
540 779
542 776
544 772
546 767
546 765
546 756
546 754
546 751
548 748
556 744
566 742
568 741
570 740
573 738
576 736
580 732
580 730
581 729
582 724
584 721
587 719
588 716
587 712
587 709
589 706
589 703
590 699
590 697
589 693
588 690
588 688
589 684
590 679
594 673
595 669
597 666
599 663
601 660
602 656
604 652
606 648
607 645
607 644
608 641
608 638
607 633
604 630
602 629
600 628
597 627
595 626
593 624
589 622
586 619
583 618
580 617
571 616
567 616
565 614
559 613
557 614
557 614
556 613
555 611
554 607
551 605
548 603
544 603
539 603
537 604
537 604
537 604
537 604
537 600
535 599
533 598
530 597
528 596
528 595
528 594
527 589
526 588
524 585
523 582
523 581
522 576
521 576
521 576
521 576
521 576
521 576
