844 585
844 585
844 585
846 585
848 586
849 587
851 586
853 585
855 585
856 585
858 586
861 586
864 585
866 585
869 585
870 586
872 587
873 587
875 587
879 587
877 586
878 584
877 583
876 581
876 579
875 578
874 577
873 572
872 571
871 568
870 564
870 563
872 560
874 557
876 555
876 551
874 550
873 549
872 548
870 545
868 543
868 542
868 542
868 541
869 540
872 540
872 539
874 538
875 538
874 537
873 535
873 533
872 531
872 530
872 527
872 523
870 523
868 523
868 525
870 529
871 530
870 532
866 532
865 535
864 538
863 540
862 542
861 544
860 547
859 549
858 552
857 554
856 557
855 559
854 560
853 560
852 559
851 558
851 558
849 558
846 558
844 560
842 563
841 564
841 565
841 567
841 569
841 571
840 572
839 573
840 575
843 577
845 579
846 580
846 581
846 584
846 584
845 585
844 586
846 586
843 580
