270 192
270 192
270 192
270 194
268 196
264 198
262 201
260 202
258 203
255 204
250 208
248 210
245 212
241 216
239 218
235 221
232 223
227 227
225 228
221 232
219 234
213 238
210 242
211 242
214 240
216 240
217 242
217 245
220 248
225 246
226 245
228 244
231 243
231 244
231 249
231 252
230 253
229 257
228 258
229 261
232 263
232 265
232 266
230 267
228 269
226 271
224 273
223 274
221 277
220 282
220 282
220 285
222 287
221 289
220 290
220 292
222 294
225 296
226 298
228 301
229 305
229 306
233 304
235 304
238 304
245 306
255 306
259 306
261 306
268 306
271 306
275 306
279 305
283 305
292 305
299 306
302 306
305 306
318 308
332 307
336 306
340 305
348 305
353 304
357 304
358 304
365 302
362 303
363 305
364 308
366 309
368 309
370 309
372 309
373 310
377 312
379 313
385 313
388 311
390 311
392 311
394 310
395 310
396 310
397 310
398 311
400 312
401 312
402 315
403 318
403 320
406 321
413 321
414 322
418 325
418 325
419 328
419 330
417 331
417 330
416 330
412 330
411 333
410 334
408 338
406 340
404 342
402 343
400 344
397 346
398 347
401 348
405 348
410 347
413 345
415 343
416 343
418 340
418 338
419 337
421 337
423 336
427 334
434 337
434 337
436 333
436 332
439 330
440 330
444 329
449 329
454 328
458 328
461 328
464 327
466 325
467 322
470 320
471 318
474 317
477 316
479 317
480 318
481 319
481 321
481 322
481 323
481 323
481 324
481 326
482 327
483 327
484 327
487 326
489 326
490 326
491 326
492 326
492 326
489 329
486 333
487 336
492 333
494 332
499 331
500 329
501 328
506 327
506 326
504 326
502 325
500 324
500 323
499 323
499 323
498 322
496 321
495 318
494 315
494 314
494 311
496 311
497 311
497 311
498 309
498 308
498 307
497 307
494 307
490 307
490 307
490 307
487 307
482 309
476 310
476 310
478 306
483 304
486 302
489 301
492 301
494 299
497 299
500 299
500 299
502 299
502 299
502 299
506 300
509 300
514 299
516 296
518 296
521 296
523 298
527 297
531 295
534 293
538 291
541 290
542 290
543 290
547 288
547 287
549 284
551 280
551 279
549 279
549 278
548 278
547 277
545 276
545 274
544 273
542 271
539 270
537 269
535 267
535 265
535 261
535 258
535 254
534 252
532 250
532 246
531 245
530 245
529 245
527 246
523 248
518 250
515 251
512 251
511 251
509 251
509 249
509 244
510 241
510 240
507 239
507 239
506 238
504 236
501 233
500 233
498 233
495 231
493 231
490 230
489 229
485 229
484 230
482 230
482 230
480 234
480 235
481 236
480 238
478 241
478 241
477 243
476 246
474 248
471 249
471 249
469 249
469 252
471 254
471 257
469 259
467 262
464 265
462 268
460 269
457 270
455 271
451 272
451 274
450 276
445 283
445 286
443 289
441 289
437 290
436 290
434 288
433 287
432 285
432 281
433 277
436 273
438 272
438 272
437 271
435 271
433 271
431 269
429 269
427 268
420 268
419 268
418 267
417 265
416 263
414 261
412 260
410 260
408 259
405 258
403 258
402 257
403 256
404 255
404 254
403 253
403 253
403 253
403 253
404 249
404 249
399 249
401 245
403 242
404 242
405 239
406 238
409 236
412 234
416 231
419 230
422 230
426 229
428 228
430 228
435 229
435 228
434 226
439 221
443 220
446 220
450 218
452 218
453 217
455 217
456 213
461 211
466 208
469 208
473 208
475 208
476 208
481 207
482 206
486 205
487 204
489 201
491 200
492 198
492 196
491 196
488 195
483 195
479 196
477 197
473 201
469 202
466 203
464 203
463 201
464 200
465 199
466 197
464 197
462 197
461 196
460 195
459 194
457 192
457 192
456 191
459 191
460 189
459 187
458 185
458 184
457 183
456 184
453 184
449 185
447 185
444 188
444 189
446 190
447 192
447 194
446 197
443 199
443 199
440 200
438 201
437 202
432 202
431 202
430 202
429 202
425 203
424 204
422 203
415 203
414 203
410 203
407 203
405 202
403 200
402 199
399 198
396 197
393 197
389 199
388 200
386 201
384 202
381 202
378 200
378 200
378 200
378 200
378 200
372 203
369 203
365 203
360 202
360 202
360 202
361 202
362 202
362 200
362 198
361 198
358 197
355 196
355 196
355 196
355 196
353 196
351 194
348 193
341 192
337 192
333 193
329 195
328 195
326 195
326 194
325 192
324 192
323 190
322 190
321 190
317 191
316 191
312 191
311 191
306 191
303 192
297 193
293 193
289 194
285 195
282 195
280 195
278 193
275 192
272 191
268 191
267 191
