938 567
938 567
937 563
935 563
934 562
933 560
932 559
930 558
927 556
927 552
926 551
923 550
920 548
918 547
918 545
918 543
918 541
918 539
916 537
913 535
911 533
910 533
910 536
907 539
904 542
900 544
898 545
895 546
894 546
894 549
893 550
889 551
889 551
885 551
883 553
882 553
881 553
880 553
876 554
875 556
872 559
872 560
872 562
870 563
870 564
871 568
871 572
872 574
872 576
875 577
877 580
878 582
879 583
881 584
881 583
882 580
886 578
888 579
892 579
892 575
894 572
895 570
897 571
899 571
902 573
903 573
907 575
911 575
911 574
914 571
916 569
918 571
922 571
924 570
928 570
928 570
932 568
935 568
936 569
942 569
940 568
939 567
938 566
938 566
