877 459
877 459
877 459
875 460
874 461
872 461
871 462
871 465
873 467
874 469
875 470
875 471
877 475
877 477
877 478
877 480
876 482
876 483
876 485
876 489
876 492
877 496
876 497
876 498
874 499
874 499
872 502
869 507
867 510
866 513
864 517
868 519
871 521
872 523
873 526
873 528
874 532
876 535
876 537
876 540
872 539
869 539
866 541
869 544
873 550
876 551
878 553
878 553
881 554
882 554
885 553
892 551
892 551
893 549
895 548
895 545
895 544
899 544
903 541
906 540
907 538
910 535
911 533
912 533
914 533
915 530
915 528
914 525
912 524
910 523
909 520
909 517
910 516
911 513
914 508
916 506
919 504
920 501
921 499
921 495
921 490
921 486
919 485
918 484
917 480
916 480
913 478
910 477
908 476
905 474
899 473
896 471
891 466
890 465
887 463
882 462
881 461
879 460
875 459