427 711
427 711
427 711
428 715
429 716
430 717
430 721
433 726
433 729
431 732
429 737
429 742
431 747
431 750
432 757
431 762
431 764
431 767
432 770
432 774
431 777
432 780
433 784
434 787
435 791
436 794
435 797
434 802
435 807
435 810
435 815
436 820
435 825
433 826
436 829
437 834
439 840
439 847
442 848
445 850
448 853
448 857
448 861
449 865
450 870
451 878
453 881
454 885
456 889
457 893
458 896
459 898
463 902
464 907
467 911
471 913
475 914
479 918
482 916
486 916
488 918
488 920
491 920
492 924
497 923
497 923
497 923
497 922
496 919
496 918
495 915
494 913
492 912
491 911
484 911
481 911
478 911
477 910
474 909
473 908
471 906
470 905
469 903
468 902
466 901
463 898
462 894
462 892
463 890
462 889
461 888
460 885
461 882
462 878
462 877
460 873
460 870
461 868
455 864
454 861
453 858
453 849
450 850
450 847
449 846
448 843
446 837
446 834
447 830
445 826
444 821
444 821
444 821
445 819
446 816
445 813
445 810
446 805
447 802
443 799
441 797
440 791
440 784
441 782
441 778
438 775
442 768
443 764
444 760
443 756
443 751
442 747
442 745
444 744
446 742
447 739
447 738
444 736
442 735
441 733
441 728
440 726
439 725
438 723
435 720
437 716
438 711
436 710
433 709
430 709
427 709
