1361 321
1361 321
1361 321
1361 321
1359 321
1357 322
1355 322
1354 321
1353 321
1351 321
1350 322
1350 325
1349 326
1347 327
1346 327
1344 327
1343 327
1343 328
1342 328
1341 329
1338 329
1334 329
1331 329
1330 329
1330 331
1333 335
1333 337
1333 337
1334 337
1333 340
1331 340
1331 341
1326 344
1324 345
1321 346
1318 346
1315 345
1313 345
1310 346
1309 349
1308 350
1306 350
1304 350
1304 350
1303 348
1300 348
1297 347
1294 346
1292 346
1291 346
1289 344
1288 344
1286 343
1282 343
1280 344
1276 345
1273 343
1270 343
1267 343
1265 342
1262 342
1259 340
1257 337
1253 335
1253 335
1251 333
1247 331
1242 329
1236 329
1234 329
1233 329
1233 329
1232 329
1231 329
1226 329
1230 327
1229 325
1228 324
1227 320
1226 318
1225 315
1224 315
1223 314
1220 314
1218 314
1215 315
1211 313
1210 311
1207 307
1206 307
1205 306
1203 307
1199 309
1199 310
1199 313
1199 317
1197 318
1196 318
1194 316
1193 316
1190 316
1188 318
1187 320
1187 325
1188 326
1190 327
1189 328
1186 328
1182 328
1180 329
1182 331
1183 333
1184 338
1185 339
1186 340
1185 342
1185 342
1183 345
1183 346
1181 349
1177 351
1172 353
1172 353
1172 353
1169 355
1166 355
1163 356
1159 358
1160 360
1158 362
1157 364
1160 365
1162 367
1164 367
1165 368
1167 371
1167 373
1168 377
1170 378
1171 378
1172 379
1175 381
1176 384
1178 385
1180 386
1182 386
1185 387
1187 388
1190 391
1192 396
1193 398
1194 402
1193 403
1192 408
1192 409
1194 410
1196 411
1198 412
1201 416
1203 416
1204 417
1206 417
1209 417
1211 416
1216 419
1218 421
1221 423
1225 427
1228 428
1234 429
1235 430
1240 431
1242 432
1247 432
1249 432
1252 430
1253 430
1257 428
1258 428
1260 430
1265 433
1265 434
1268 432
1268 431
1272 430
1277 428
1277 425
1279 425
1283 424
1286 425
1288 429
1291 430
1291 430
1295 430
1297 428
1300 433
1300 438
1301 443
1301 447
1299 448
1297 451
1300 452
1303 453
1304 455
1305 458
1305 462
1308 467
1309 467
1315 467
1315 469
1315 469
1317 469
1319 467
1322 466
1324 464
1327 463
1333 463
1336 461
1338 460
1338 459
1341 461
1346 461
1346 461
1346 467
1348 468
1354 471
1355 471
1355 469
1356 469
1359 469
1360 469
1364 469
1371 469
1372 468
1372 468
1373 467
1377 466
1378 465
1387 465
1390 464
1391 462
1393 459
1397 457
1401 455
1402 453
1404 451
1407 451
1407 447
1409 444
1410 440
1411 436
1413 432
1413 429
1414 426
1416 422
1414 419
1411 419
1409 418
1409 417
1409 415
1409 413
1410 412
1410 412
1412 410
1411 409
1409 406
1406 404
1403 401
1401 398
1400 396
1398 393
1396 392
1394 390
1393 389
1393 386
1393 384
1394 382
1398 379
1401 378
1402 377
1401 376
1399 376
1398 375
1392 375
1389 376
1387 374
1385 373
1383 371
1381 371
1378 370
1376 368
1375 366
1377 365
1379 363
1380 362
1381 361
1381 360
1382 358
1384 356
1386 356
1388 357
1390 358
1391 359
1392 363
1393 363
1396 364
1400 364
1400 364
1400 364
1400 361
1401 361
1403 360
1402 356
1403 358
1407 361
1408 357
1411 352
1412 350
1412 350
1414 352
1417 352
1418 351
1418 351
1417 348
1417 346
1419 346
1422 345
1424 343
1428 344
1429 344
1427 342
1426 338
1425 336
1423 333
1423 329
1425 329
1428 329
1429 326
1429 325
1428 322
1427 314
1425 313
1423 312
1417 312
1413 312
1410 311
1405 308
1405 308
1402 306
1399 305
1396 304
1394 304
1391 304
1388 302
1386 300
1385 299
1384 298
1383 297
1382 295
1379 292
1376 289
1374 286
1373 284
1368 281
1364 279
1354 279
1353 279
1348 281
1347 281
1345 281
1344 286
1345 288
1347 289
1349 292
1349 295
1349 298
1348 300
1344 301
1340 302
1338 303
1338 304
1339 307
1342 309
1345 310
1347 312
1350 313
1353 314
1357 316
1359 317
1357 320
1357 320
