420 526
420 526
420 526
420 526
419 526
419 526
418 526
417 527
416 528
414 529
414 530
412 530
411 530
409 531
407 532
405 529
403 529
403 530
400 532
396 535
395 536
395 538
395 541
395 543
394 544
393 546
391 546
387 547
387 547
386 550
385 553
383 555
382 556
383 558
386 560
386 562
386 565
386 567
385 569
385 572
384 575
382 578
381 580
380 583
376 586
376 587
375 590
375 593
379 593
380 595
383 597
388 597
389 597
389 597
392 596
394 596
396 598
398 603
402 605
404 609
407 611
409 613
413 613
416 613
420 613
421 614
420 617
418 620
421 621
422 622
424 620
425 616
425 610
425 608
425 606
424 604
423 601
423 599
423 597
424 597
426 594
425 592
424 591
426 591
427 591
429 591
431 590
434 589
436 588
437 586
437 584
436 581
435 578
436 576
436 574
434 571
434 569
434 566
434 564
433 564
430 564
428 563
427 562
424 557
421 556
417 556
416 555
414 555
413 555
413 551
413 549
410 547
410 545
410 543
409 539
409 537
412 535
414 533
417 530
418 528
419 527
