892 579
892 579
892 579
890 579
889 578
885 578
883 579
883 579
881 581
881 582
880 584
879 585
879 585
879 587
878 588
876 589
873 587
870 586
867 585
864 585
863 586
862 588
863 590
866 591
868 590
869 590
870 594
871 597
868 598
869 599
870 605
870 605
871 609
870 610
869 611
869 612
865 613
863 612
861 611
860 610
859 611
859 612
857 612
857 612
856 612
856 614
856 615
856 617
856 620
854 620
852 620
851 621
853 624
854 626
856 627
857 628
858 629
859 626
860 626
862 627
863 627
864 626
866 625
867 625
869 625
870 627
871 627
872 627
872 627
872 625
875 624
876 623
878 621
878 620
878 618
878 616
879 613
879 612
882 608
883 607
885 606
886 604
887 602
887 600
888 597
889 596
889 593
889 590
889 587
889 586
889 583
891 581
891 580
892 578
888 578
886 578
883 579
881 581
880 584
880 584
