754 573
754 573
754 573
755 573
756 573
761 570
764 568
767 567
770 567
773 567
775 568
778 569
779 568
777 566
777 565
776 564
775 561
775 556
776 553
778 552
779 550
780 548
780 545
779 543
777 541
775 540
773 539
770 542
769 542
767 540
765 538
765 537
763 540
761 539
761 538
759 537
758 536
757 538
755 538
752 537
750 538
750 541
751 543
752 546
752 548
751 549
749 550
749 553
749 556
748 557
748 558
749 560
751 560
752 561
753 563
753 565
753 569
753 570
752 571
753 571
752 572
754 572
757 570
