898 569
898 569
898 569
898 569
898 569
897 569
895 570
894 572
893 574
893 576
892 579
892 580
892 582
891 584
891 586
889 589
890 592
891 595
890 597
889 599
888 601
887 603
885 605
883 606
881 609
879 611
879 615
881 615
881 619
880 620
878 621
878 621
874 624
874 625
872 626
870 625
868 624
865 624
864 627
862 627
855 627
858 628
859 630
861 632
864 632
867 633
869 633
873 633
876 634
880 635
881 638
881 644
884 645
887 646
890 647
895 646
896 643
897 641
900 640
902 640
906 642
908 644
908 649
908 652
910 657
910 663
910 665
916 665
919 664
921 663
922 664
923 667
925 667
927 667
931 668
933 669
934 669
937 671
939 673
945 675
947 678
948 678
949 677
949 674
946 674
945 672
945 668
944 665
944 662
944 659
942 655
942 653
945 651
947 649
950 649
953 647
955 646
955 646
956 644
955 643
954 641
952 639
951 637
949 636
948 631
948 627
948 625
948 622
947 617
947 613
948 610
949 608
950 607
950 603
951 599
953 597
955 595
957 594
959 591
960 587
960 585
959 584
958 580
957 577
955 575
953 575
950 573
948 573
945 573
944 573
941 571
939 570
938 567
932 567
931 567
930 567
925 568
921 569
919 570
917 570
916 569
913 570
911 573
910 573
907 573
904 574
901 573
899 570
899 570
897 569
