994 408
994 408
994 407
994 406
992 402
992 399
991 399
988 402
985 403
981 405
978 403
974 406
973 407
972 409
974 411
974 415
974 417
972 417
970 416
970 414
969 412
966 412
961 413
958 411
953 410
947 412
943 414
940 412
929 410
926 409
922 411
921 411
922 418
921 420
923 425
923 429
923 432
923 437
923 441
923 443
923 445
924 448
924 452
923 459
922 462
923 468
925 468
930 468
955 472
956 471
961 469
968 468
972 466
974 464
977 461
977 457
976 456
974 451
972 447
970 443
968 438
967 434
967 432
965 431
963 428
962 425
962 424
965 427
967 430
969 430
971 432
970 429
971 427
975 424
978 423
982 420
987 417
988 415
986 412
985 410
987 410
990 409
992 407
992 407
993 407
993 406
994 406
