983 571
984 570
984 570
986 569
989 570
990 573
991 574
993 575
997 577
999 578
1004 578
1005 576
1008 574
1010 574
1012 574
1014 575
1016 575
1019 573
1022 571
1025 570
1028 570
1032 569
1033 569
1036 566
1038 563
1040 561
1041 559
1043 558
1044 555
1044 552
1042 551
1040 551
1038 550
1035 548
1033 547
1030 546
1026 544
1025 543
1023 542
1022 541
1021 539
1021 537
1021 535
1021 534
1020 534
1019 534
1016 533
1013 533
1013 533
1013 531
1013 529
1014 527
1015 525
1015 523
1015 522
1015 521
1012 519
1010 518
1008 516
1007 514
1005 513
1002 513
1000 513
998 512
996 512
994 512
992 513
989 515
988 515
987 516
984 518
984 518
984 522
984 523
983 525
983 525
982 526
981 527
980 528
978 530
978 531
978 533
978 533
977 535
975 536
974 538
974 539
974 544
974 545
974 546
973 547
972 548
970 549
968 551
969 552
971 553
972 555
974 555
976 557
978 559
978 561
980 563
980 565
981 566
981 566
983 567
983 568
983 569
985 569
985 570
985 571
984 571
986 572
987 572
988 572
989 572
991 573
992 574
992 575
993 575
994 576
997 577
999 578
999 578
1001 578
1004 576
1005 574
1006 574
1008 574
1011 574
1013 574
