923 240
923 240
924 240
925 240
925 240
925 240
925 239
928 235
928 235
930 232
933 230
934 229
934 226
932 225
930 224
929 224
928 222
929 220
928 220
927 219
926 218
925 215
924 213
927 211
926 210
924 209
924 205
923 204
921 202
921 200
920 197
919 196
918 195
915 194
913 192
911 192
909 195
909 195
907 196
906 197
905 197
903 198
900 197
898 196
896 196
893 194
891 194
890 195
889 196
892 198
895 199
898 201
899 202
899 203
900 206
899 208
901 209
901 211
902 212
904 213
906 214
907 215
905 218
903 220
903 221
899 224
897 226
895 228
893 229
892 232
894 233
895 235
895 237
895 239
895 243
898 243
900 244
902 244
904 245
906 245
909 243
912 242
916 241
917 241
922 238
923 238
924 238
927 237
927 235
930 233
932 230
933 230
933 229
