812 345
812 345
812 345
812 345
812 342
814 341
817 339
820 338
823 338
825 340
827 341
828 341
830 341
832 341
833 340
834 339
836 338
836 336
834 336
833 336
832 334
831 334
831 331
830 330
830 327
830 327
830 325
830 325
830 324
829 322
828 322
830 319
832 318
834 316
835 314
835 312
835 311
836 308
837 306
837 305
835 305
833 305
832 306
831 306
831 304
831 303
831 301
828 301
828 301
826 302
825 303
823 303
822 302
821 300
820 299
818 298
816 298
814 297
813 297
811 297
809 299
808 300
805 301
805 302
803 303
800 304
799 304
797 305
794 304
793 303
792 305
792 308
788 308
787 308
782 308
778 309
778 309
775 311
777 313
780 313
784 314
786 315
788 317
791 319
791 320
793 323
793 326
794 327
794 330
794 333
793 334
793 336
792 337
792 338
791 339
793 341
795 343
796 343
798 343
800 343
802 343
803 343
806 343
808 344
810 345
812 346
812 346
812 344
813 342
814 341
