850 622
851 621
851 621
851 621
853 621
856 621
856 620
856 617
855 616
855 614
857 614
857 613
859 610
860 610
862 612
864 614
866 614
868 612
869 611
870 608
870 606
869 602
868 601
867 600
867 600
869 598
869 597
870 595
870 592
869 591
866 591
865 591
864 590
864 588
864 587
862 587
861 587
859 586
857 586
856 586
855 587
855 589
854 591
853 591
851 593
850 593
848 593
846 593
843 593
844 594
846 598
843 601
841 604
841 605
842 609
844 611
846 613
847 615
849 616
851 619
852 620
853 620
855 620
