868 291
868 291
868 289
868 285
867 285
866 284
865 280
865 278
863 276
861 276
858 275
856 275
854 277
852 277
851 277
849 277
848 276
847 275
846 273
845 272
842 273
840 273
839 274
840 275
840 277
838 279
835 279
833 279
833 281
833 283
833 284
833 285
833 285
833 285
833 287
830 288
828 292
826 294
827 295
828 298
828 301
826 301
828 303
833 304
836 305
838 306
837 307
836 308
835 310
836 312
838 313
840 313
843 313
846 314
848 315
850 316
852 314
854 314
855 314
857 314
857 313
857 312
857 310
860 309
862 307
861 306
860 305
858 304
857 303
856 302
856 300
857 299
859 298
860 297
862 296
863 296
865 295
867 293
868 291
