912 377
912 377
911 377
911 376
909 373
907 372
906 371
905 369
908 368
910 370
911 370
914 369
913 368
912 366
911 365
912 364
912 362
910 360
910 358
912 358
914 357
915 355
917 354
918 354
919 354
922 354
922 354
923 354
923 354
924 354
924 354
925 354
925 352
925 351
924 350
922 350
919 350
917 350
915 350
913 350
912 350
910 350
909 351
909 352
907 353
907 354
906 354
905 355
904 355
903 357
902 357
900 359
898 360
897 361
896 362
896 364
900 366
901 368
902 369
903 370
903 372
903 373
904 375
905 377
905 378
907 378
910 378
910 377
911 377
