772 139
772 139
771 139
769 138
763 138
758 138
757 138
755 138
751 138
748 137
745 137
744 137
743 136
742 135
742 134
741 134
739 133
734 132
730 130
723 130
722 130
719 130
713 130
709 130
707 131
704 132
701 133
698 133
693 133
689 133
682 133
679 133
677 133
674 133
669 135
663 135
654 135
653 135
649 135
641 135
635 136
633 138
629 139
627 139
621 139
618 139
617 139
614 140
612 141
606 141
599 142
596 144
596 144
595 146
596 148
594 149
588 150
581 150
573 151
569 153
569 153
568 153
568 153
568 155
569 157
570 157
571 158
573 161
576 163
585 162
585 162
585 162
586 162
587 162
591 162
597 162
599 162
601 163
604 165
605 168
605 172
604 178
604 178
604 180
606 182
608 183
611 183
613 184
614 185
614 188
611 188
608 188
607 189
610 191
610 196
608 197
605 197
603 199
599 202
598 205
597 209
597 211
598 213
599 217
598 220
598 223
598 228
598 231
602 236
604 237
608 236
611 235
614 237
614 240
616 241
622 241
625 237
628 234
630 231
633 230
636 228
637 224
639 221
641 217
643 216
649 215
652 214
654 212
655 211
657 210
657 210
660 211
661 211
662 211
665 211
667 211
672 211
676 207
680 203
686 199
683 197
682 200
686 200
691 200
696 201
698 200
704 198
709 196
714 194
716 191
715 190
711 188
712 186
714 184
716 185
718 187
720 188
721 189
721 189
722 188
724 185
724 183
723 180
718 178
717 177
719 177
723 176
726 176
728 176
728 176
728 175
731 174
736 172
738 171
740 168
741 166
741 164
738 162
739 160
741 159
744 158
746 155
745 153
744 153
744 152
747 151
747 151
747 151
752 150
755 149
757 147
760 145
764 144
767 142
771 141
773 140
772 140
