1183 389
1183 389
1183 389
1183 389
1181 389
1179 390
1178 391
1175 393
1171 391
1169 390
1167 390
1166 391
1168 394
1170 397
1169 399
1170 403
1173 404
1174 407
1174 410
1172 411
1172 414
1171 416
1169 419
1168 421
1167 425
1165 427
1164 428
1162 430
1158 432
1155 433
1154 435
1153 438
1153 440
1156 442
1159 444
1160 447
1160 449
1160 452
1155 454
1150 454
1147 458
1150 459
1153 461
1158 463
1156 463
1154 465
1154 465
1155 468
1156 470
1158 471
1159 474
1163 475
1164 474
1166 471
1168 467
1171 466
1172 466
1171 469
1171 474
1171 477
1173 478
1173 481
1173 486
1175 488
1175 491
1176 495
1176 497
1177 501
1180 505
1182 507
1184 511
1185 512
1186 514
1186 517
1188 523
1191 528
1192 530
1194 535
1194 538
1196 540
1197 541
1197 546
1199 547
1201 549
1202 549
1204 546
1207 546
1207 545
1209 543
1211 543
1212 540
1214 539
1214 538
1214 536
1215 534
1214 533
1213 532
1212 529
1213 527
1215 524
1215 521
1215 517
1214 515
1214 511
1214 507
1217 505
1219 502
1220 500
1224 501
1223 498
1223 497
1224 497
1226 496
1228 495
1228 494
1228 491
1232 491
1233 488
1235 484
1238 482
1241 480
1241 479
1244 478
1247 474
1244 472
1247 471
1254 468
1255 467
1255 464
1251 461
1251 456
1251 453
1251 450
1251 447
1249 443
1249 443
1252 442
1253 442
1256 446
1258 447
1259 447
1261 447
1264 447
1267 447
1269 448
1270 449
1270 451
1267 454
1265 457
1266 459
1268 461
1270 462
1272 463
1276 463
1278 460
1279 456
1280 452
1281 451
1282 446
1282 443
1282 439
1283 438
1285 437
1287 436
1290 434
1291 433
1292 430
1291 429
1288 428
1287 427
1285 425
1283 424
1280 423
1275 423
1272 424
1270 428
1269 430
1268 432
1267 433
1267 433
1264 433
1262 432
1258 430
1255 430
1249 430
1248 431
1245 432
1245 434
1246 435
1247 438
1246 440
1244 440
1241 440
1239 439
1236 439
1234 438
1233 436
1231 435
1228 434
1222 434
1220 434
1219 434
1218 434
1214 433
1212 431
1210 430
1209 429
1207 428
1205 426
1205 426
1205 422
1205 419
1205 418
1206 418
1204 415
1203 415
1201 414
1198 412
1195 411
1194 410
1192 408
1191 405
1193 404
1194 403
1194 400
1193 399
1192 398
1191 397
1190 396
1187 393
1186 390
1185 389
1184 389
1183 388
1183 388
1183 388
1183 388
