1275 563
1275 563
1275 563
1275 563
1275 563
1275 563
1275 565
1277 567
1280 569
1282 571
1285 577
1286 577
1288 578
1291 579
1292 582
1293 585
1294 587
1295 590
1296 592
1298 593
1299 599
1300 600
1302 604
1303 605
1304 606
1307 609
1310 614
1311 616
1313 617
1315 618
1317 620
1319 621
1321 624
1324 628
1325 628
1329 630
1331 631
1332 632
1337 634
1338 634
1342 635
1347 638
1351 638
1352 639
1354 640
1355 640
1362 640
1363 640
1370 640
1370 639
1372 636
1370 636
1367 634
1364 634
1361 632
1360 631
1360 629
1362 628
1361 628
1359 628
1357 628
1355 627
1352 626
1350 626
1348 627
1346 629
1343 629
1342 629
1340 627
1338 627
1336 625
1334 625
1331 625
1329 624
1328 623
1326 622
1324 621
1323 617
1323 613
1323 611
1324 609
1325 609
1324 606
1323 604
1322 603
1320 601
1319 598
1319 597
1317 596
1316 595
1316 592
1316 590
1314 588
1312 587
1312 587
1312 587
1311 585
1309 585
1306 584
1306 582
1306 581
1304 581
1303 580
1300 578
1299 577
1298 577
1296 576
1296 575
1294 574
1292 572
1289 570
1288 568
1287 567
1285 565
1284 564
1282 563
1281 563
1279 563
1278 562
1277 562
1276 562
1275 562
1275 562
