1035 368
1035 368
1035 368
1035 368
1035 368
1035 368
1035 368
1035 368
1035 364
1034 363
1032 361
1030 361
1028 363
1025 363
1023 364
1019 364
1016 363
1015 363
1014 365
1013 369
1013 371
1017 373
1018 374
1020 376
1023 377
1022 380
1023 381
1026 382
1028 383
1029 386
1027 389
1027 390
1026 393
1025 395
1025 398
1028 399
1031 402
1034 404
1037 406
1039 408
1040 411
1040 413
1041 414
1043 416
1045 417
1048 418
1050 418
1053 422
1056 426
1059 429
1061 431
1065 436
1068 437
1076 437
1079 438
1083 438
1085 438
1087 437
1089 441
1089 441
1093 443
1095 444
1101 447
1105 447
1107 447
1110 446
1110 446
1112 446
1113 442
1115 440
1116 439
1118 437
1119 436
1118 435
1116 433
1116 431
1114 430
1111 428
1110 426
1108 423
1107 421
1106 417
1108 414
1108 413
1107 411
1105 411
1104 406
1103 403
1102 401
1101 395
1101 392
1102 389
1103 386
1103 383
1100 381
1096 377
1093 376
1089 374
1085 373
1083 372
1076 372
1073 372
1071 372
1067 373
1065 376
1063 377
1060 378
1059 379
1055 379
1052 380
1048 380
1048 380
1047 380
1045 377
1045 374
1044 374
1042 374
1040 372
1038 371
1038 371
1037 370
1036 369
1035 367
1034 365
1033 363
1032 363
1032 363
