1039 417
1040 417
1039 417
1039 412
1038 412
1037 409
1036 408
1035 406
1032 404
1030 402
1026 399
1024 396
1024 392
1026 389
1027 388
1027 385
1024 384
1023 383
1019 380
1019 377
1018 376
1015 376
1010 376
1005 378
1004 379
1002 383
1002 385
1002 389
1000 393
1000 394
1001 396
1002 398
1002 401
1001 405
1000 406
1002 408
1004 410
1007 411
1009 413
1013 416
1015 417
1019 420
1021 421
1024 423
1027 424
1030 425
1031 426
1033 423
1035 421
1036 420
1038 420
1038 420
1040 417
1039 417
1039 417
1039 417
