887 358
886 358
886 358
886 357
886 356
884 355
883 354
881 354
879 354
878 353
876 351
875 350
873 349
872 348
870 347
869 346
867 345
865 343
865 342
863 341
862 338
862 335
861 335
859 334
858 333
857 330
862 327
862 327
862 327
864 326
862 324
861 323
860 322
858 321
856 320
854 319
853 319
850 321
849 321
846 322
843 322
841 322
840 323
836 323
833 323
830 325
830 326
831 327
831 328
829 330
831 331
828 334
829 334
832 336
833 336
835 337
838 337
841 336
843 334
843 334
845 335
846 336
847 338
848 341
849 341
850 342
851 344
852 347
854 347
855 348
857 349
859 350
860 350
862 351
863 352
864 352
865 354
866 354
868 355
869 355
870 356
871 357
873 358
874 358
875 359
875 360
875 361
876 363
876 365
876 366
875 367
874 369
875 370
876 370
877 370
878 370
878 370
879 369
880 367
880 367
881 365
881 365
881 364
881 363
880 363
880 361
880 360
880 359
880 359
881 358
883 358
884 358
885 359
886 359
888 359
888 358
