1452 395
1452 395
1452 395
1452 395
1454 395
1456 396
1458 391
1460 391
1463 391
1467 390
1470 390
1472 390
1473 393
1474 395
1479 397
1482 392
1481 391
1484 390
1486 390
1490 387
1491 385
1494 383
1494 379
1493 376
1493 373
1492 371
1491 369
1493 366
1493 365
1491 360
1489 357
1487 355
1483 353
1478 353
1477 357
1479 360
1480 363
1482 365
1483 369
1483 371
1483 374
1481 375
1480 376
1477 375
1474 374
1474 377
1474 379
1474 381
1474 384
1472 384
1469 384
1468 384
1463 385
1462 385
1460 385
1456 387
1454 390
1453 393
1454 395
1455 395
1456 395
1456 395
1456 395
