1081 297
1081 297
1081 297
1081 297
1081 297
1081 297
1081 297
1077 297
1075 296
1073 296
1071 294
1069 293
1066 293
1057 294
1053 296
1050 296
1047 294
1045 293
1042 291
1039 291
1035 290
1031 290
1028 292
1026 294
1025 297
1024 299
1024 300
1022 302
1020 301
1020 298
1018 298
1017 301
1016 303
1016 304
1015 307
1015 307
1018 309
1021 311
1024 313
1025 314
1026 316
1028 318
1030 320
1031 321
1034 320
1039 317
1042 317
1045 317
1047 317
1048 320
1050 321
1050 322
1051 325
1051 326
1051 326
1049 327
1046 327
1043 329
1041 331
1040 332
1040 335
1043 336
1045 338
1049 342
1050 343
1051 344
1053 345
1053 345
1056 344
1057 344
1059 344
1063 344
1065 345
1067 347
1068 349
1069 350
1069 346
1068 343
1067 339
1066 336
1066 334
1066 332
1066 329
1066 329
1069 327
1069 327
1072 326
1072 326
1072 323
1073 324
1075 325
1078 328
1081 329
1086 329
1087 330
1089 332
1091 335
1093 336
1094 336
1099 340
1103 339
1107 338
1111 337
1113 340
1116 344
1116 348
1120 349
1122 351
1123 352
1128 352
1129 352
1130 352
1131 353
1131 353
1131 351
1138 349
1138 347
1139 344
1142 343
1143 343
1149 342
1149 344
1149 344
1149 342
1150 340
1151 340
1155 340
1157 340
1158 341
1159 341
1159 342
1159 342
1159 342
1159 342
1159 342
1159 342
1159 342
1159 342
1159 338
1165 342
1171 343
1175 343
1183 343
1183 343
1185 341
1186 339
1186 337
1183 335
1181 333
1180 328
1183 326
1185 326
1187 327
1189 327
1190 326
1188 323
1188 319
1189 316
1193 318
1196 318
1199 317
1201 313
1198 311
1201 309
1204 307
1202 305
1199 304
1196 302
1192 301
1190 299
1188 297
1184 295
1182 295
1179 295
1176 294
1173 293
1168 292
1166 296
1165 296
1163 295
1163 294
1159 291
1156 287
1154 285
1151 282
1149 280
1146 278
1144 277
1141 276
1141 276
1141 276
1141 276
1140 276
1137 277
1135 278
1133 279
1130 279
1128 278
1128 277
1126 276
1125 276
1125 276
1123 276
1122 276
1121 275
1119 275
1119 275
1119 275
1118 275
1117 274
1117 274
1117 273
1116 273
1113 271
1107 269
1103 269
1101 270
1099 270
1097 271
1086 274
1086 274
1077 277
1077 277
1071 279
1071 280
1074 281
1075 282
1078 282
1079 282
1079 282
1077 282
1075 283
1075 286
1075 287
1074 288
1073 288
1075 289
1078 291
1080 292
1081 294
1081 296
1081 296
