1003 626
1001 626
1001 626
1001 624
1002 621
1004 621
1005 618
1006 615
1009 611
1012 610
1013 608
1012 606
1011 602
1011 599
1012 596
1012 592
1012 588
1012 583
1015 579
1016 576
1016 576
1014 577
1011 576
1009 575
1007 575
1006 577
1001 579
1000 579
998 579
995 578
995 577
992 575
991 574
988 573
986 572
982 572
980 572
976 571
974 572
973 574
973 576
976 577
978 578
979 580
980 584
980 587
980 590
979 593
976 597
975 598
974 598
973 598
972 599
973 599
976 599
977 600
977 601
976 604
975 606
975 606
977 608
979 609
981 610
984 613
986 614
989 615
991 616
993 617
994 618
995 619
995 622
995 623
997 624
1000 626
1001 626
1001 626
1001 625
1001 621
