1159 363
1158 363
1157 363
1158 363
1161 360
1161 360
1165 358
1165 356
1166 356
1168 358
1170 356
1173 354
1178 351
1180 350
1181 349
1183 347
1185 346
1185 345
1183 345
1181 344
1178 342
1177 342
1173 342
1169 342
1164 342
1161 343
1159 342
1158 341
1155 339
1153 342
1153 343
1152 345
1151 345
1150 345
1148 343
1147 343
1144 343
1141 346
1140 348
1142 350
1146 352
1148 353
1150 354
1150 355
1148 357
1147 357
1145 357
1143 356
1142 357
1139 359
1136 360
1134 360
1133 361
1133 361
1136 363
1138 363
1140 363
1142 363
1145 363
1148 363
1151 363
1152 363
1163 363
1159 362
