1323 466
1323 466
1323 466
1319 466
1316 471
1316 474
1316 475
1317 479
1320 483
1320 487
1323 488
1325 489
1327 491
1331 491
1334 490
1334 489
1334 489
1334 489
1337 490
1338 491
1340 493
1342 498
1342 500
1345 501
1347 505
1347 507
1347 510
1345 512
1346 513
1349 513
1352 513
1352 512
1354 512
1356 511
1356 509
1356 508
1356 507
1356 505
1355 503
1355 502
1353 501
1350 497
1348 494
1346 493
1344 491
1342 487
1340 487
1337 484
1336 482
1338 481
1338 480
1338 478
1338 476
1335 475
1333 474
1331 473
1329 470
1326 468
1323 466
1322 466
1322 466
1322 470
1319 470
