922 409
922 409
922 409
922 409
922 409
922 409
921 407
919 407
917 407
914 405
912 403
911 402
908 402
905 402
900 404
897 406
896 406
896 408
899 412
899 413
898 415
896 416
894 417
891 417
889 416
887 412
885 411
883 411
881 411
878 410
875 409
875 409
873 407
872 405
870 404
868 403
867 403
863 401
856 401
855 401
853 400
854 400
854 402
852 404
850 406
848 409
847 410
846 413
848 415
848 415
845 417
845 418
844 420
846 422
847 423
847 425
846 427
846 429
846 430
846 433
846 435
844 437
844 438
844 440
842 443
843 444
846 447
848 450
850 452
852 453
855 455
856 458
858 459
860 459
863 461
867 462
870 463
872 463
876 461
880 459
883 462
887 465
889 466
890 467
895 470
896 471
898 471
901 473
904 475
908 476
912 478
915 480
917 481
917 481
917 481
919 481
922 479
923 476
924 470
923 468
923 464
923 460
923 457
924 453
924 452
924 447
923 443
923 439
923 436
923 432
923 428
923 426
923 424
921 422
921 418
921 415
921 413
922 411
922 411
922 410
920 410
919 409
