1036 751
1036 751
1036 751
1036 751
1039 749
1039 747
1039 744
1040 740
1041 736
1042 732
1044 729
1045 724
1046 721
1048 718
1049 715
1050 712
1052 708
1054 705
1054 699
1055 695
1056 692
1056 692
1057 691
1057 688
1057 686
1056 683
1055 681
1054 676
1053 675
1052 674
1050 677
1048 680
1048 680
1047 681
1045 683
1045 686
1043 689
1043 689
1043 690
1042 691
1040 693
1037 695
1036 695
1032 698
1030 698
1026 700
1024 702
1024 704
1024 708
1024 710
1025 713
1025 716
1025 720
1025 722
1023 726
1022 728
1021 730
1019 732
1017 734
1018 737
1020 740
1021 744
1021 747
1021 749
1023 750
1025 751
1027 751
1029 752
1031 752
1035 752
1038 751
1038 749
1037 748
