816 486
816 486
816 486
816 490
817 493
816 497
815 499
815 500
813 503
813 505
812 508
807 508
803 509
799 509
795 509
790 509
787 508
786 510
782 514
779 514
778 516
773 519
772 518
771 519
770 522
770 525
768 526
766 526
766 529
766 532
764 534
764 537
761 537
759 536
758 536
757 536
754 537
751 536
748 534
747 532
746 528
746 526
744 525
743 525
738 525
736 524
732 523
732 523
732 518
730 517
730 512
731 510
733 506
734 506
736 508
740 507
741 507
745 507
749 507
754 507
758 506
761 506
764 505
765 504
765 502
765 500
763 499
763 495
762 490
762 486
763 482
764 480
764 476
762 473
762 469
762 463
761 457
763 452
764 450
766 449
768 448
770 451
771 452
772 452
777 456
779 457
779 458
781 458
783 460
786 462
790 465
794 468
796 470
799 473
801 474
804 478
805 479
805 479
806 479
809 480
811 482
811 487
812 487
815 487
815 486
817 485
