767 450
767 450
765 450
762 451
761 453
760 461
761 466
762 472
762 473
763 479
763 487
763 489
764 499
764 502
766 504
763 506
760 507
754 505
749 504
745 504
742 506
740 508
736 508
734 506
733 506
732 507
731 511
729 511
727 509
723 506
721 502
719 500
716 498
714 498
710 498
707 499
709 495
709 492
709 486
708 483
708 480
707 476
707 474
706 474
706 472
707 471
711 471
715 472
720 470
724 469
726 469
726 463
727 461
728 461
731 459
731 458
731 457
732 453
732 449
732 446
735 444
739 443
741 443
745 443
748 442
749 442
751 439
752 436
751 435
751 435
751 437
753 439
755 440
759 444
759 444
760 445
762 446
764 447
766 447
768 449
766 451
763 451
