1294 429
1294 429
1294 429
1294 429
1294 429
1294 429
1293 429
1293 429
1293 429
1292 434
1292 437
1289 435
1286 437
1284 440
1283 443
1284 445
1283 448
1281 452
1281 454
1281 457
1279 458
1276 461
1275 463
1277 465
1275 470
1271 472
1273 473
1275 475
1277 479
1279 479
1281 480
1282 482
1283 484
1284 487
1286 491
1287 493
1287 496
1287 499
1287 501
1289 501
1291 502
1295 504
1296 502
1300 498
1300 497
1302 498
1303 501
1304 505
1305 506
1307 508
1308 510
1309 512
1309 516
1310 519
1312 523
1312 525
1313 526
1314 531
1312 534
1312 538
1313 536
1315 533
1316 531
1316 529
1315 525
1315 523
1314 521
1314 517
1314 515
1311 513
1310 512
1309 508
1309 504
1309 502
1309 500
1309 498
1308 497
1306 494
1304 492
1301 489
1301 489
1304 486
1304 483
1304 481
1308 480
1312 479
1313 478
1316 476
1318 474
1320 471
1318 468
1314 469
1314 469
1313 467
1309 467
1308 465
1309 463
1309 459
1306 458
1304 457
1302 455
1300 454
1298 451
1298 451
1298 451
1298 451
1298 451
1299 448
1299 446
1300 441
1301 438
1301 435
1299 433
1296 429
1294 429
1292 429
1291 430
1286 425
