227 460
227 460
227 460
227 460
227 460
227 460
227 459
227 457
228 454
227 451
225 450
224 449
224 446
223 443
222 441
222 438
222 436
221 433
220 431
218 429
217 428
217 425
217 422
215 421
215 416
215 413
216 411
219 410
221 410
223 411
224 415
224 418
224 420
224 422
226 425
229 427
230 429
230 431
231 434
232 437
233 439
233 441
234 443
235 445
236 447
238 448
239 450
242 453
244 455
245 456
245 458
246 461
247 465
248 469
248 474
247 476
247 477
247 480
248 483
250 485
253 486
256 488
259 489
263 492
265 495
269 497
272 498
275 500
278 501
288 505
291 505
294 505
299 504
302 502
304 503
305 505
306 508
308 509
309 509
311 508
313 505
314 503
315 503
317 503
318 500
318 500
318 498
318 496
319 494
322 492
323 491
324 491
324 491
324 491
325 492
326 492
328 491
332 489
335 489
338 487
339 483
340 480
341 477
343 473
344 470
343 470
341 470
338 470
332 470
329 470
328 471
324 472
323 475
323 477
324 480
323 482
321 485
318 486
314 487
312 487
307 487
305 488
305 489
304 489
299 489
298 487
298 486
296 485
294 481
293 479
292 478
291 475
291 472
289 468
289 464
288 459
288 455
290 451
293 448
294 446
294 444
293 444
290 443
289 442
287 440
286 438
285 435
285 431
284 428
282 425
281 423
278 421
277 421
273 421
270 423
267 424
266 424
265 419
264 417
263 414
261 413
260 411
258 410
254 407
253 407
251 407
250 407
247 407
247 407
247 407
247 409
243 412
239 412
236 412
233 411
229 409
227 407
223 406
221 405
219 404
216 402
214 402
210 402
208 402
206 404
205 404
204 405
204 405
204 408
204 410
205 413
206 416
208 417
209 419
209 420
210 423
212 424
212 425
213 427
213 428
213 429
213 429
211 430
209 430
208 431
207 433
208 436
208 437
211 438
213 439
216 440
217 441
218 443
218 445
218 448
218 450
218 452
220 453
222 453
224 454
226 455
226 457
226 458
226 459
227 459
227 459
228 456
228 455
228 454
228 454
228 454
228 454
228 454
