1207 305
1207 305
1207 305
1207 305
1207 305
1207 305
1207 305
1207 308
1209 308
1212 309
1214 310
1217 312
1220 311
1224 315
1225 317
1225 319
1225 321
1229 326
1230 327
1231 328
1233 329
1235 328
1239 328
1241 328
1244 329
1249 331
1252 335
1254 336
1256 336
1258 338
1261 343
1261 344
1263 344
1264 344
1266 344
1272 344
1275 344
1278 345
1281 345
1286 344
1287 344
1293 346
1295 347
1299 347
1301 347
1305 347
1307 349
1307 349
1310 348
1311 347
1317 346
1321 346
1325 345
1328 342
1330 340
1333 337
1333 336
1331 333
1330 330
1330 329
1335 328
1335 328
1336 328
1338 329
1341 329
1343 327
1344 327
1345 326
1346 326
1346 326
1348 324
1348 323
1350 322
1352 321
1352 321
1353 321
1353 321
1353 321
1356 321
1358 321
1361 318
1360 317
1357 315
1354 313
1351 312
1349 312
1348 312
1345 312
1344 310
1341 310
1338 310
1337 306
1338 301
1339 300
1339 301
1336 301
1330 301
1330 297
1328 297
1325 299
1323 299
1321 301
1316 303
1316 304
1311 304
1308 304
1301 304
1300 304
1298 303
1296 301
1294 300
1292 299
1286 299
1283 300
1280 300
1278 298
1275 297
1272 297
1269 296
1265 292
1263 290
1258 290
1256 289
1254 289
1251 290
1248 290
1247 294
1249 296
1250 299
1250 300
1249 301
1247 301
1242 301
1240 300
1239 299
1235 299
1233 298
1227 297
1226 297
1223 297
1219 299
1219 299
1218 300
1215 302
1213 303
1210 304
1209 304
1207 306
1208 307
