786 389
786 389
787 390
788 390
786 391
787 393
788 394
788 395
788 397
789 399
789 401
790 404
791 406
787 406
784 406
781 407
780 409
778 410
778 411
777 412
776 413
771 415
771 416
770 417
769 420
766 421
760 423
757 424
754 426
752 428
752 431
751 434
749 434
745 434
740 434
738 434
732 433
729 433
728 433
727 433
727 433
729 433
730 430
733 429
735 428
737 425
739 425
741 422
742 420
744 416
745 413
745 409
748 405
750 403
753 401
754 399
757 396
760 395
761 394
763 392
765 389
766 387
768 385
769 385
772 388
773 389
775 389
778 389
780 389
781 389
784 389
786 387
786 388
787 389
