1006 664
1006 664
1005 664
1003 666
1001 667
998 668
995 667
993 667
992 670
988 668
986 667
983 667
981 668
979 670
977 671
975 674
975 676
976 680
979 682
980 683
981 686
981 688
981 693
980 698
978 698
977 699
975 699
974 697
974 694
974 691
974 688
974 687
973 687
972 687
970 686
969 685
968 684
966 683
966 683
964 684
961 686
961 686
957 687
954 689
953 690
952 693
954 694
957 696
960 697
962 698
964 699
966 700
966 701
966 703
967 707
966 708
966 712
965 715
965 716
967 718
967 719
966 722
965 722
964 724
963 727
961 728
959 731
958 732
957 732
957 734
956 735
959 737
959 739
960 742
959 745
959 748
959 750
959 753
959 753
960 753
961 754
963 754
963 754
964 754
965 754
968 751
968 751
974 748
977 745
977 744
977 741
980 737
980 736
979 733
978 731
977 726
976 725
976 720
977 718
978 716
981 714
983 713
984 711
986 709
987 707
992 705
997 702
1000 701
1002 699
1004 697
1006 695
1007 694
1007 691
1007 688
1007 686
1006 683
1006 681
1005 678
1005 676
1005 673
1005 672
1005 671
1005 668
1006 668
1007 665
1006 664
1004 664
1001 665
999 667
998 668
994 668
992 670
991 671
987 671
986 670
985 670
981 669
977 669
