855 703
855 703
855 708
855 711
858 713
860 716
863 721
864 724
867 726
869 730
870 734
871 737
870 740
870 741
870 743
870 744
870 749
871 751
871 756
871 760
871 764
874 765
876 767
878 770
879 771
881 771
881 771
881 770
880 767
882 767
884 769
885 770
888 771
890 772
894 772
896 771
896 768
897 765
897 763
897 760
898 756
898 755
899 750
899 749
899 746
898 742
898 739
898 735
899 732
899 731
901 730
902 729
902 729
902 726
902 723
903 718
903 715
904 713
906 712
908 711
910 710
912 709
914 709
916 709
918 709
919 709
921 708
923 707
924 706
922 703
919 703
916 703
913 705
911 706
907 706
905 706
904 706
902 706
898 706
896 705
893 705
891 704
888 704
884 704
880 703
876 703
872 704
869 705
868 705
867 704
865 702
864 702
862 702
860 702
856 702
855 704
855 705
