1536 843
1536 843
1540 844
1544 843
1548 841
1554 838
1555 837
1560 835
1565 834
1572 831
1574 831
1580 828
1586 824
1589 820
1591 816
1592 815
1595 814
1597 815
1599 815
1599 815
1599 815
1605 811
1608 808
1609 804
1613 803
1613 803
1615 800
1618 799
1619 797
1619 794
1616 795
1613 797
1611 796
1610 793
1610 793
1610 792
1607 791
1608 790
1609 790
1610 786
1611 784
1609 779
1605 780
1604 784
1605 786
1606 787
1606 791
1605 793
1603 796
1602 799
1601 801
1600 802
1598 803
1596 804
1595 804
1591 806
1587 808
1582 812
1582 812
1582 813
1578 817
1578 817
1575 819
1573 820
1571 820
1569 822
1567 824
1563 825
1560 827
1558 828
1557 828
1553 830
1550 831
1548 832
1542 835
1541 837
1538 839
1535 841
1537 842
1539 843
