870 463
870 463
870 463
870 463
867 463
865 461
864 460
862 460
859 458
857 459
854 463
853 463
849 463
847 466
845 467
843 470
838 471
837 472
836 473
834 475
831 476
829 479
829 480
826 483
825 483
823 484
822 484
821 485
820 485
818 485
815 485
815 486
815 490
815 492
815 498
815 498
815 501
815 502
815 503
815 503
804 505
808 507
804 509
801 509
796 511
797 513
797 515
799 517
799 517
801 520
801 520
801 523
801 524
802 524
803 525
810 525
810 526
812 527
812 527
812 525
812 523
816 520
817 518
818 517
823 516
824 516
826 516
829 519
830 520
831 521
832 521
835 518
837 519
838 520
840 522
842 522
847 519
850 517
851 517
853 517
855 519
857 519
858 519
858 518
859 518
863 518
864 518
867 516
865 513
864 509
864 506
869 506
871 504
873 499
874 496
875 493
875 492
875 490
875 487
875 486
875 481
875 478
875 474
875 472
874 470
873 469
871 466
871 465
871 465
871 465
871 465
869 464
867 462
868 463
