810 561
810 561
812 561
813 561
815 561
817 561
820 561
820 561
820 561
820 564
821 565
824 569
824 572
825 572
829 572
833 572
838 572
840 569
840 568
841 565
842 563
846 561
849 558
851 558
852 561
853 561
857 558
858 555
862 549
863 544
865 539
867 534
869 531
870 529
869 526
867 522
867 520
866 519
864 520
862 520
860 520
857 520
854 517
852 517
850 518
849 520
846 522
845 521
843 522
841 522
840 520
837 519
835 519
832 520
831 521
829 521
827 518
825 518
822 517
817 519
816 520
815 522
814 524
813 524
813 526
813 530
814 532
814 535
814 536
813 538
812 539
811 539
810 543
808 545
808 549
807 550
807 552
807 554
808 558
809 559
810 560
812 560
813 560
806 556