920 195
920 195
920 195
920 195
920 195
920 195
920 195
920 195
920 195
920 195
920 195
920 195
920 195
920 195
920 195
922 195
925 193
926 193
925 190
926 189
924 189
920 187
917 187
914 187
911 187
906 187
901 187
899 188
897 189
895 191
892 192
888 192
884 192
882 190
881 192
878 194
875 196
872 198
870 198
866 201
866 206
863 208
859 208
859 210
857 212
856 214
853 217
850 220
848 221
845 225
841 227
838 229
830 231
828 232
824 236
827 241
828 245
829 248
832 252
835 253
838 252
841 251
844 247
846 247
848 249
850 250
853 248
854 245
854 241
855 239
857 237
856 233
855 230
854 225
859 223
861 222
862 219
862 215
864 214
868 210
872 207
873 204
875 201
880 199
884 197
891 197
894 196
896 197
900 198
902 198
904 196
907 192
911 190
914 190
916 192
918 193
922 193
922 193
924 192
