1073 500
1073 500
1073 500
1074 500
1077 498
1077 498
1079 496
1082 496
1082 496
1084 494
1086 492
1089 489
1091 488
1094 487
1096 485
1096 482
1096 479
1097 478
1099 477
1100 474
1103 471
1104 469
1104 467
1104 464
1102 463
1100 461
1099 458
1097 457
1094 457
1091 456
1090 456
1089 453
1087 452
1086 450
1085 446
1084 445
1082 444
1082 444
1080 447
1078 449
1077 451
1075 452
1073 453
1071 454
1068 455
1067 455
1066 455
1063 456
1065 457
1066 459
1068 461
1071 462
1073 463
1076 464
1079 464
1081 464
1083 466
1083 469
1082 472
1082 476
1080 478
1080 480
1077 482
1075 482
1071 484
1068 485
1065 487
1066 489
1068 490
1069 492
1070 495
1072 497
1073 500
1073 500
1073 500
1073 500
1073 499
1073 499
1073 499
