1183 387
1183 387
1183 387
1181 386
1180 386
1178 384
1175 383
1174 381
1174 379
1173 378
1171 378
1170 377
1166 377
1166 377
1164 377
1161 378
1160 379
1156 379
1155 379
1153 379
1152 381
1152 383
1154 384
1154 385
1154 386
1154 389
1152 391
1152 392
1153 392
1153 394
1151 395
1149 397
1149 397
1148 399
1147 400
1145 402
1145 404
1145 406
1145 408
1144 409
1141 409
1140 409
1139 410
1137 412
1135 412
1132 412
1134 415
1133 419
1132 420
1129 422
1127 422
1124 423
1123 423
1120 422
1117 422
1112 421
1109 420
1107 420
1107 422
1109 423
1110 428
1112 430
1114 431
1117 433
1119 434
1119 436
1119 439
1116 439
1114 440
1111 445
1112 447
1113 447
1115 447
1120 447
1126 447
1126 447
1137 448
1136 448
1138 448
1139 450
1142 454
1145 458
1148 458
1147 458
1146 457
1149 456
1152 454
1153 454
1154 454
1158 454
1159 453
1160 451
1159 449
1158 445
1157 444
1155 441
1153 439
1153 439
1152 434
1154 433
1158 431
1161 429
1164 427
1168 425
1169 422
1171 420
1172 416
1174 413
1175 410
1175 407
1175 404
1172 403
1170 401
1169 398
1168 394
1167 392
1168 390
1172 390
1174 390
1176 390
1178 390
1179 390
1180 390
1182 390
1184 389
1184 389
1183 387
1182 387
1180 386
1179 385
1179 385
1179 385
1179 385
