1538 650
1538 650
1538 650
1538 650
1539 650
1539 650
1538 650
1538 649
1541 647
1537 648
1536 646
1533 643
1530 639
1528 638
1527 636
1525 632
1523 630
1526 629
1526 628
1526 627
1524 626
1522 624
1520 622
1519 621
1517 620
1516 616
1514 616
1512 614
1510 613
1508 611
1506 610
1502 608
1498 607
1496 606
1493 606
1490 604
1487 602
1485 601
1482 600
1478 602
1475 602
1472 606
1471 606
1469 609
1466 608
1465 606
1463 604
1463 599
1463 599
1460 597
1458 596
1455 594
1450 593
1449 596
1447 597
1446 598
1449 600
1452 602
1455 603
1458 604
1460 604
1459 606
1457 607
1455 609
1454 610
1456 611
1458 611
1460 611
1462 612
1464 613
1466 615
1467 615
1468 616
1471 617
1475 618
1475 618
1478 619
1480 620
1481 624
1481 625
1482 628
1482 630
1480 631
1479 634
1479 635
1480 637
1484 635
1487 635
1490 636
1493 641
1495 641
1496 642
1496 642
1502 641
1505 638
1507 635
1507 634
1511 631
1514 632
1516 633
1519 637
1520 639
1521 640
1522 645
1524 646
1529 647
1537 647
1539 647
1539 647
1537 649
