492 719
492 719
491 719
489 718
486 716
486 715
483 715
481 715
479 717
476 718
475 719
473 719
472 722
471 723
471 727
472 730
472 732
472 733
472 734
472 735
473 736
477 738
478 740
480 742
482 743
484 743
486 743
489 745
489 746
492 749
493 749
497 750
498 750
498 752
497 754
497 757
496 761
498 762
500 762
503 762
505 762
510 759
514 758
514 755
516 752
516 748
514 743
512 743
511 744
510 742
510 740
508 739
507 738
505 736
504 735
503 735
502 734
500 732
499 731
497 730
496 729
495 728
494 725
493 724
492 722
491 719
491 718
