395 600
395 600
395 600
394 604
394 605
393 607
391 608
390 609
390 613
390 614
388 614
386 616
383 618
382 619
380 621
377 624
377 626
377 627
375 628
375 628
374 627
373 626
373 626
372 626
369 625
368 622
368 621
368 620
366 622
365 623
363 625
362 625
361 628
362 631
364 632
365 632
366 635
365 636
365 637
367 638
368 639
370 641
371 642
372 644
373 646
373 649
374 651
375 652
376 653
377 654
378 656
380 659
382 660
383 661
384 663
385 666
387 669
387 672
388 674
389 675
390 677
391 679
392 680
393 680
395 685
395 686
397 687
398 688
401 691
403 693
404 694
406 696
408 696
409 697
410 698
412 698
414 699
414 699
416 700
417 701
420 703
422 704
423 705
425 706
426 708
428 709
431 709
430 709
429 708
429 706
428 705
429 703
430 702
431 700
432 699
433 697
433 696
431 695
431 695
431 693
431 691
430 690
429 689
429 688
430 685
430 685
430 684
430 680
431 678
431 677
431 675
431 674
431 672
428 671
428 668
428 666
428 665
426 664
425 663
424 662
423 662
422 660
422 658
421 657
420 657
417 658
415 658
413 658
412 658
411 656
409 654
407 652
407 649
406 648
405 646
404 644
404 640
405 637
406 636
407 636
408 634
409 632
410 630
411 629
413 628
414 627
417 625
418 624
419 623
420 623
420 623
420 621
420 619
420 616
420 616
419 615
418 615
416 615
414 614
412 614
410 613
408 612
407 611
406 610
404 608
402 606
401 605
399 602
398 602
395 599
395 599
395 599
394 600
394 600
