907 278
906 277
906 276
904 275
904 274
903 274
901 275
899 276
897 276
893 275
892 275
891 275
889 275
888 275
886 274
885 273
884 273
882 273
879 273
876 275
875 275
873 276
870 276
867 278
865 279
865 280
865 283
865 284
867 285
867 286
868 288
868 289
867 290
867 293
869 293
871 295
874 296
876 297
879 298
882 299
884 300
886 302
888 303
890 304
892 304
895 304
897 304
899 304
901 305
902 305
903 306
904 305
905 303
907 300
908 299
909 297
909 294
909 293
908 291
907 289
907 287
907 285
907 282
906 280
906 279
906 277
906 276
905 276
905 276
905 276