1201 176
1201 176
1201 176
1201 175
1209 172
1212 168
1210 164
1211 164
1209 164
1208 162
1206 161
1205 160
1202 158
1199 159
1195 160
1192 160
1188 157
1183 156
1178 156
1171 154
1167 154
1166 157
1164 157
1164 161
1160 160
1156 161
1150 161
1147 161
1142 162
1138 162
1133 162
1127 165
1125 166
1122 167
1122 168
1123 169
1124 171
1118 171
1110 171
1108 173
1106 175
1106 175
1109 177
1111 179
1110 181
1107 180
1100 177
1099 180
1095 181
1092 180
1087 178
1085 180
1086 182
1087 186
1088 189
1092 192
1092 193
1095 195
1097 195
1098 195
1098 197
1097 198
1097 200
1098 203
1098 204
1093 204
1092 206
1087 206
1088 203
1090 201
1089 196
1087 194
1085 191
1082 187
1081 184
1080 184
1079 181
1079 179
1077 178
1074 178
1068 177
1067 179
1066 180
1066 181
1066 183
1064 184
1062 186
1061 187
1063 189
1066 191
1069 193
1071 195
1073 197
1072 198
1068 198
1064 196
1062 196
1060 195
1054 194
1053 194
1048 194
1046 194
1043 193
1042 194
1042 195
1039 196
1037 196
1032 198
1030 197
1027 198
1024 200
1019 199
1015 196
1011 196
1007 198
1003 199
1001 202
998 204
995 205
990 205
987 204
985 202
986 200
986 198
983 198
982 198
979 199
979 198
978 199
980 201
980 201
978 202
980 205
983 206
984 208
984 210
980 209
976 209
973 210
970 211
969 213
966 216
968 217
965 217
959 216
956 216
958 219
957 220
952 221
950 218
950 217
947 215
945 213
944 211
939 207
942 209
948 208
954 208
961 209
964 209
964 207
966 206
963 203
957 201
954 200
950 199
947 199
942 196
939 195
935 194
930 194
923 193
923 193
922 193
920 194
920 197
921 201
923 203
924 204
925 206
925 207
925 209
926 210
927 211
927 214
929 218
930 218
930 220
931 222
932 222
933 225
934 227
932 230
930 232
930 234
927 236
927 237
926 237
926 238
927 239
928 242
924 244
924 246
924 249
924 252
925 259
925 259
925 262
927 265
930 266
932 266
935 267
938 269
940 271
941 272
943 275
946 276
947 279
947 281
943 281
942 285
945 287
948 288
951 286
954 287
956 289
956 291
962 292
962 295
963 296
964 297
966 299
968 299
975 300
978 300
981 300
983 301
983 301
983 301
983 301
979 306
981 309
985 303
985 306
985 312
983 314
981 314
981 314
980 316
980 317
980 318
979 323
979 323
977 326
976 328
975 329
977 331
980 332
982 334
990 338
996 340
996 340
1003 342
1007 342
1010 343
1010 343
1018 345
1020 346
1024 346
1027 348
1030 350
1031 348
1030 346
1028 344
1027 338
1024 335
1023 333
1023 327
1024 327
1026 325
1027 323
1028 318
1026 316
1023 313
1020 311
1017 304
1017 299
1019 299
1021 301
1023 303
1025 303
1024 301
1024 301
1024 297
1030 293
1032 292
1035 291
1042 291
1045 293
1047 295
1056 297
1060 297
1063 296
1070 295
1071 295
1074 295
1076 295
1077 295
1079 294
1078 293
1074 292
1072 288
1073 286
1077 283
1077 282
1074 280
1074 280
1073 280
1076 278
1087 278
1093 276
1096 276
1102 274
1105 272
1105 271
1109 269
1117 269
1118 273
1119 274
1120 276
1123 276
1124 275
1127 276
1128 277
1130 278
1131 281
1132 282
1138 280
1139 275
1143 276
1148 280
1151 283
1156 287
1162 292
1163 293
1167 295
1168 294
1169 294
1171 293
1176 294
1185 297
1187 297
1191 298
1193 301
1194 303
1195 303
1202 305
1207 304
1208 301
1211 299
1216 298
1219 297
1227 297
1234 297
1237 298
1239 299
1243 300
1248 300
1247 297
1246 294
1247 292
1250 290
1258 291
1267 294
1270 295
1272 297
1274 298
1278 300
1278 300
1279 300
1283 298
1288 297
1295 298
1301 299
1302 300
1308 306
1309 305
1319 303
1320 302
1323 300
1325 299
1327 299
1329 299
1333 299
1342 300
1342 300
1346 300
1346 299
1346 294
1345 291
1346 288
1345 285
1344 283
1345 282
1350 283
1355 284
1364 283
1371 285
1377 286
1378 290
1380 293
1381 295
1382 297
1382 298
1386 301
1391 303
1394 305
1401 305
1405 307
1408 310
1410 312
1413 313
1418 312
1422 311
1427 311
1428 315
1429 318
1430 324
1431 327
1426 327
1420 327
1421 331
1422 333
1425 337
1427 339
1434 340
1436 339
1438 340
1441 340
1441 336
1441 332
1441 328
1442 326
1445 324
1445 321
1448 317
1450 315
1450 311
1449 305
1448 303
1445 297
1442 294
1441 293
1440 292
1438 288
1436 283
1433 280
1430 278
1425 276
1417 275
1417 276
1419 277
1414 278
1412 277
1410 275
1408 274
1405 273
1397 271
1397 271
1402 271
1403 267
1408 260
1408 258
1411 251
1412 246
1417 244
1421 245
1425 246
1432 246
1439 246
1445 246
1449 247
1455 248
1456 248
1461 247
1463 245
1460 245
1459 240
1459 237
1462 236
1473 235
1477 237
1477 239
1476 239
1476 237
1470 233
1467 231
1462 233
1459 237
1459 235
1466 231
1469 232
1473 236
1475 238
1482 238
1483 234
1483 232
1482 230
1485 228
1487 233
1488 236
1489 237
1487 242
1487 243
1487 246
1487 249
1486 252
1485 254
1481 259
1482 260
1483 261
1487 267
1490 270
1493 273
1497 279
1501 282
1504 284
1508 286
1511 288
1512 289
1514 291
1516 293
1515 292
1516 288
1516 283
1519 281
1519 281
1518 279
1515 278
1515 274
1517 273
1518 272
1517 270
1516 269
1514 267
1512 264
1511 259
1509 258
1507 256
1504 255
1502 254
1501 253
1500 251
1498 246
1498 244
1500 242
1502 242
1504 242
1507 244
1507 244
1510 240
1512 240
1513 241
1516 240
1518 239
1522 240
1522 240
1525 235
1530 233
1533 230
1538 230
1541 230
1542 229
1540 227
1536 225
1530 223
1527 221
1527 220
1527 219
1527 219
1527 219
1530 216
1530 215
1530 215
1537 214
1539 216
1541 216
1545 216
1548 216
1551 218
1557 219
1558 219
1560 219
1561 217
1560 215
1560 213
1561 210
1558 210
1556 210
1551 209
1548 208
1546 206
1543 205
1536 204
1531 204
1527 202
1524 201
1524 201
1521 199
1516 198
1514 197
1511 195
1511 195
1509 195
1505 197
1502 197
1497 196
1495 195
1490 193
1485 192
1483 192
1477 191
1471 191
1468 189
1463 189
1460 190
1460 191
1459 193
1461 194
1464 195
1464 195
1462 195
1453 194
1452 193
1443 192
1436 190
1436 190
1435 190
1431 192
1423 192
1421 190
1413 189
1410 188
1405 187
1400 186
1393 185
1390 185
1388 186
1383 188
1379 185
1373 182
1363 180
1358 180
1348 177
1340 177
1334 178
1330 178
1328 180
1332 182
1329 182
1319 182
1315 181
1312 183
1308 185
1299 185
1310 185
1303 184
1303 184
1303 185
1301 186
1299 185
1288 182
1288 183
1288 183
1288 183
1288 179
1287 178
1283 175
1273 173
1269 173
1265 174
1262 173
1259 174
1259 174
1257 177
1255 176
1245 176
1240 176
1235 175
1230 175
1230 174
1225 174
1223 173
1220 172
1217 172
1213 173
1210 174
1207 175
1197 174
