1042 427
1042 427
1042 427
1042 427
1042 427
1041 428
1039 428
1038 425
1037 424
1037 424
1035 424
1034 423
1030 423
1027 424
1026 424
1023 422
1021 421
1019 420
1016 418
1014 416
1010 414
1006 411
1004 410
1001 407
999 406
999 406
998 406
996 406
994 406
992 406
986 408
986 409
985 410
983 412
986 413
987 414
988 415
987 417
986 418
982 421
982 421
979 423
975 424
974 425
974 425
972 428
973 430
976 433
979 435
981 438
982 442
984 443
985 445
987 447
988 450
989 453
990 456
992 457
994 458
995 460
997 462
999 467
999 471
999 473
1000 475
1001 476
1003 477
1006 479
1008 483
1010 485
1012 487
1012 490
1012 493
1014 495
1016 496
1018 497
1019 498
1019 498
1018 496
1018 495
1019 494
1019 494
1023 494
1029 494
1031 494
1034 494
1037 494
1039 495
1040 496
1042 496
1041 495
1046 490
1051 488
1055 488
1057 487
1065 487
1069 486
1072 484
1074 481
1077 479
1080 476
1082 471
1084 469
1084 466
1082 464
1082 464
1075 464
1074 464
1072 463
1071 462
1069 460
1067 458
1066 457
1064 457
1063 455
1062 454
1062 453
1061 452
1060 450
1060 447
1060 444
1059 443
1056 443
1055 444
1053 445
1053 443
1052 442
1051 439
1050 438
1049 437
1048 436
1047 435
1046 434
1045 433
1043 432
1042 427
1042 427
