1012 608
1012 608
1012 607
1015 605
1018 602
1021 600
1022 597
1024 595
1026 592
1028 589
1033 586
1036 584
1039 583
1043 580
1046 576
1047 573
1048 569
1050 567
1052 564
1053 559
1054 555
1055 553
1058 548
1061 544
1062 541
1063 536
1063 531
1063 529
1060 529
1057 529
1052 530
1047 531
1045 533
1044 533
1041 533
1039 533
1037 534
1035 534
1034 535
1029 537
1029 537
1027 537
1026 537
1024 535
1022 533
1019 533
1019 533
1018 537
1021 539
1024 542
1026 545
1029 547
1033 548
1038 549
1042 550
1044 551
1045 553
1045 554
1042 555
1038 557
1035 562
1032 566
1032 568
1029 569
1024 569
1022 572
1020 573
1018 574
1016 575
1012 579
1012 584
1011 589
1010 592
1011 597
1013 601
1013 605
1013 608
1013 608
1013 608
