983 570
983 569
983 568
981 566
980 562
978 561
978 558
975 556
973 554
971 553
970 551
970 548
973 544
973 543
971 541
969 538
968 534
967 531
965 530
964 530
962 532
961 535
960 538
958 540
954 540
952 540
949 541
947 541
942 540
938 541
934 541
930 541
927 539
925 538
922 539
919 542
917 545
918 546
920 548
926 549
927 551
927 554
927 555
929 556
931 556
933 559
935 562
936 565
937 568
939 570
941 572
942 573
943 573
948 571
949 571
951 571
953 573
954 575
954 576
956 577
956 577
957 577
958 577
961 576
964 576
966 576
971 575
972 573
974 571
979 571
982 569
983 568
