887 804
887 804
888 805
890 805
893 807
895 807
898 807
900 806
903 805
905 805
908 804
911 803
916 803
922 804
926 804
932 801
937 800
940 797
945 794
948 791
949 788
951 784
952 781
954 778
957 774
960 772
961 771
961 768
963 765
962 763
960 763
956 763
954 763
954 759
954 757
955 755
956 754
957 753
958 752
958 752
959 751
959 749
959 747
959 745
958 743
958 742
957 739
957 738
956 736
955 735
954 734
951 733
948 732
947 732
946 732
944 732
943 733
942 734
940 736
940 737
936 741
936 741
935 741
933 744
933 744
933 745
933 746
933 747
931 748
929 749
929 751
929 752
928 754
927 754
926 754
924 754
923 754
922 754
921 754
921 754
919 753
919 752
917 752
916 752
916 752
914 752
912 753
912 755
911 757
909 760
907 761
905 761
903 761
903 759
902 759
901 758
902 757
902 756
902 755
902 755
902 753
902 753
900 752
899 751
898 751
898 753
898 755
897 757
897 759
897 761
897 762
897 765
897 765
898 766
898 769
897 770
896 771
894 771
892 771
889 773
888 773
887 772
887 772
885 771
884 770
883 770
883 770
882 770
880 771
880 774
882 775
883 776
885 778
886 781
886 783
886 784
887 786
888 787
888 789
888 790
888 793
888 797
889 799
888 800
888 802
888 803
890 804
890 805
892 805
894 806
896 807
898 807
900 807
902 807
902 807
