760 377
761 377
762 377
764 377
766 379
766 380
768 381
770 381
772 381
773 378
775 378
777 379
780 379
782 378
784 377
785 377
786 377
788 376
790 375
792 374
794 373
795 370
798 369
796 367
795 363
798 360
799 358
801 356
802 355
806 355
809 353
811 352
813 348
814 347
812 346
811 345
809 345
807 345
806 344
804 342
803 342
801 342
796 342
795 342
793 341
791 339
790 339
786 339
784 339
780 339
776 339
775 338
772 338
769 337
764 339
763 339
761 339
757 339
754 342
754 343
756 345
755 348
756 348
759 349
761 349
764 349
766 349
768 349
766 350
765 350
765 352
765 353
765 354
764 356
765 357
764 358
762 360
761 362
761 363
763 364
763 365
761 367
761 368
760 371
759 371
759 372
759 374
759 375
762 376
763 377
763 377
762 378
