977 461
976 462
977 462
976 462
976 462
973 464
972 466
970 467
969 468
965 468
963 467
963 467
959 466
957 467
954 467
951 467
946 468
942 467
938 466
936 466
933 466
929 466
926 467
922 470
925 472
925 474
924 475
924 477
921 479
920 481
920 485
920 488
920 492
920 495
920 498
919 500
918 502
914 506
913 508
910 512
910 515
911 519
911 521
910 522
909 523
909 524
912 524
913 526
915 529
916 532
916 535
918 538
918 540
920 541
923 540
926 540
926 539
928 539
930 540
934 541
937 542
939 542
943 542
946 542
949 541
951 539
954 540
956 540
958 538
961 535
963 533
965 531
967 532
969 534
969 534
969 535
971 539
973 539
973 539
975 537
976 535
978 533
979 532
979 530
980 527
982 525
984 522
986 518
986 517
986 516
987 515
987 512
987 512
986 508
986 505
986 501
989 498
991 495
994 494
995 493
994 490
991 488
990 485
989 483
988 479
987 476
987 472
986 468
986 467
985 465
980 463
979 461
978 461
976 462
976 465
972 469
971 470
971 469
971 469
971 469
971 469
971 469
971 469
971 469
971 469
971 469
971 469