902 213
902 213
901 212
901 208
900 206
899 204
898 202
897 200
895 200
893 199
891 198
890 196
888 196
883 197
883 198
883 199
880 199
876 199
877 201
875 204
873 203
873 205
872 206
870 207
869 209
867 210
864 211
864 214
865 216
864 218
863 218
863 220
863 222
861 222
856 224
856 226
855 228
855 230
857 234
858 236
858 239
856 244
854 246
853 248
847 249
849 251
851 253
854 257
855 259
857 260
859 263
860 265
860 267
861 269
863 269
866 266
868 265
871 266
872 264
871 261
872 259
874 256
876 252
882 249
882 248
882 244
880 244
878 242
877 240
875 237
875 234
875 231
879 229
882 227
885 225
887 224
889 223
890 222
892 220
893 216
893 215
897 213
898 213
901 213
902 209
902 209
902 209
902 209
