979 669
979 669
980 669
982 669
983 668
986 668
987 668
989 669
991 670
992 667
994 667
997 667
1000 665
1004 665
1006 665
1006 663
1005 661
1003 658
1002 656
1001 655
1000 650
1000 648
1001 646
1001 646
1001 645
1000 643
1000 642
1001 641
1001 638
999 636
998 636
998 632
1000 629
1002 628
999 626
996 624
994 623
993 620
993 617
990 617
987 614
984 613
982 612
979 610
977 609
975 609
972 609
970 611
969 612
966 613
964 613
962 613
960 612
960 611
961 609
961 608
960 606
956 606
957 608
957 611
956 614
956 614
956 617
957 620
957 623
956 624
952 625
950 627
949 630
947 633
949 635
951 637
952 642
954 646
955 648
957 649
960 651
962 652
965 654
968 656
969 657
971 657
972 658
974 659
976 660
977 661
977 663
977 666
979 667
980 667
981 668
982 668
