1316 477
1316 477
1316 477
1316 477
1312 479
1310 481
1308 482
1305 482
1304 485
1304 487
1302 489
1303 490
1304 492
1306 494
1308 496
1308 498
1310 500
1310 501
1311 505
1310 508
1311 509
1312 511
1312 513
1315 515
1315 519
1315 520
1316 522
1316 523
1316 526
1316 527
1317 529
1317 531
1314 532
1313 534
1313 538
1313 540
1312 543
1312 545
1312 548
1314 551
1317 554
1318 555
1322 558
1324 560
1325 560
1327 562
1329 565
1332 563
1334 561
1332 560
1330 557
1327 557
1326 556
1324 552
1323 551
1322 547
1320 545
1320 544
1319 544
1318 543
1317 542
1316 541
1316 538
1316 536
1317 534
1319 532
1320 528
1320 526
1320 523
1320 521
1320 519
1321 518
1324 519
1326 521
1329 523
1331 523
1332 522
1333 520
1333 515
1334 513
1336 512
1339 512
1343 512
1346 512
1347 509
1347 505
1345 502
1343 501
1342 499
1341 496
1339 493
1338 492
1334 490
1332 490
1331 490
1327 490
1324 493
1322 493
1322 492
1322 491
1321 485
1321 484
1319 483
1318 482
1317 480
1316 479
1316 478
1315 478
1315 477
