940 356
940 356
940 356
939 356
936 357
933 357
928 358
925 360
925 362
928 363
929 363
927 365
929 366
930 367
929 368
928 369
927 370
925 370
928 371
931 373
932 375
932 376
933 377
935 377
938 378
941 379
943 381
946 382
948 381
948 380
949 379
951 379
955 378
957 379
958 381
959 381
962 383
966 382
970 381
971 380
973 381
974 380
975 380
976 379
977 379
977 379
979 379
982 380
982 380
985 380
989 378
990 378
994 378
997 377
999 377
1003 375
1006 375
1011 375
1012 375
1013 375
1015 374
1018 373
1016 372
1015 371
1014 369
1014 365
1014 363
1014 362
1013 361
1012 360
1010 357
1009 353
1008 353
1008 352
1007 352
1006 352
1005 351
1005 351
1004 351
1003 351
997 351
993 353
987 353
984 353
981 353
978 352
976 351
974 350
971 349
967 347
961 348
957 349
953 350
953 351
950 352
947 352
945 353
943 354
939 356
939 356
939 356
