1063 377
1064 376
1066 375
1068 374
1072 371
1074 371
1075 371
1078 371
1081 372
1083 372
1087 373
1092 375
1095 377
1097 378
1098 378
1100 380
1102 382
1104 386
1104 387
1106 387
1108 386
1109 386
1112 384
1114 383
1116 382
1117 380
1117 377
1119 376
1121 375
1122 373
1123 373
1123 375
1123 373
1123 371
1119 370
1117 368
1114 366
1112 363
1110 361
1108 360
1105 360
1105 360
1102 358
1101 356
1098 353
1096 352
1093 352
1090 350
1089 348
1086 347
1083 346
1080 345
1077 345
1076 346
1074 350
1072 352
1068 351
1067 350
1066 350
1064 348
1062 347
1060 347
1058 345
1057 345
1054 346
1058 348
1060 349
1062 352
1062 354
1059 356
1056 355
1054 358
1057 360
1060 362
1062 365
1062 366
1062 369
1062 372
1062 373
1064 375
1066 376
1068 374
1069 373
1072 371
1074 371
1076 370
1079 370
1081 371
1081 371
1081 371
1081 371
