980 314
980 314
981 314
985 313
986 311
984 309
983 307
984 304
985 302
981 302
979 301
976 300
974 299
972 299
968 299
964 297
964 295
962 295
959 293
957 292
956 289
952 288
947 288
944 288
941 288
940 292
935 293
933 293
929 292
925 291
921 291
916 291
912 291
910 291
909 293
909 295
909 297
906 299
905 301
905 304
905 306
902 311
904 312
908 313
914 311
916 311
919 313
924 311
924 311
926 311
926 312
928 313
930 314
931 316
931 321
932 324
934 325
934 328
935 328
937 328
940 325
940 325
942 323
942 322
947 320
949 321
951 323
953 323
956 323
957 324
955 325
954 326
954 328
956 329
958 330
958 331
960 332
960 332
963 331
964 330
967 329
967 329
969 329
968 329
966 327
962 324
962 323
965 322
967 321
974 320
975 318
977 317
978 314
983 313
984 312
986 310
984 308
984 306
984 303
980 301
