776 300
777 300
780 301
783 298
784 298
787 297
789 297
794 297
796 297
799 297
803 295
804 295
805 294
804 293
803 292
803 290
806 288
808 286
808 283
806 282
804 282
803 282
802 281
800 279
800 276
799 276
798 274
796 272
795 271
794 269
794 267
792 266
790 264
791 261
794 260
794 258
792 257
790 256
788 256
786 256
786 255
788 253
787 253
785 253
782 254
781 255
780 257
777 259
776 261
777 263
778 265
779 269
780 270
783 272
785 272
787 273
787 276
788 278
789 280
788 280
787 282
785 282
783 283
783 284
782 284
782 286
783 287
781 288
781 288
780 289
782 290
785 291
786 291
783 294
782 296
779 298
779 298
778 300
778 300
783 299
784 298
786 298
788 296
791 296
793 296
794 296
798 296
801 294
803 294
805 294
805 294
805 293
803 292
