224 273
224 273
224 273
224 273
224 273
225 271
228 269
230 267
232 267
232 266
231 265
230 262
229 258
229 255
232 251
231 248
230 245
229 245
226 247
223 248
220 248
219 247
218 244
218 241
217 241
214 242
213 242
211 241
211 241
212 238
214 236
220 234
224 229
230 225
235 222
244 216
249 213
253 210
258 206
261 202
265 198
267 196
270 193
270 193
268 191
258 190
254 190
252 190
249 188
240 188
238 188
231 187
229 186
225 184
224 184
222 186
220 186
215 187
209 187
204 187
197 187
197 187
192 189
188 190
188 190
188 190
188 191
186 193
183 194
176 195
170 197
164 197
163 198
163 202
165 206
167 208
166 211
158 212
156 211
153 210
145 210
142 210
139 212
137 213
135 216
137 218
140 219
143 220
148 220
151 219
153 219
154 219
151 222
148 224
147 225
143 225
141 225
136 227
132 229
125 231
122 232
119 233
114 237
111 239
111 241
110 243
110 244
113 246
116 247
117 246
117 246
113 250
117 250
125 250
126 250
127 251
125 253
120 255
116 256
112 258
109 260
105 262
103 264
98 266
98 266
100 268
107 267
115 265
122 262
132 257
139 255
146 252
150 250
151 249
158 244
164 242
168 240
168 240
162 244
161 246
165 246
171 245
178 244
181 241
186 239
190 240
194 240
199 241
207 243
209 244
211 245
213 247
216 248
217 250
218 254
220 255
222 256
222 261
222 263
223 265
223 267
220 271
221 273
222 276
221 279
221 283
221 286
220 289
220 292
220 293
221 293
222 296
224 297
225 297
228 300
230 303
232 305
232 307
230 309
228 310
227 309
225 310
222 310
221 310
220 313
219 317
218 322
216 328
212 334
209 337
204 341
200 344
199 348
197 353
195 357
192 361
191 365
194 368
194 374
192 378
192 382
193 388
195 390
197 392
200 393
203 398
206 405
207 405
211 403
211 403
220 403
222 404
226 408
236 410
238 411
244 411
246 409
251 408
254 407
256 407
263 414
263 417
265 424
265 424
270 424
272 422
272 421
278 421
279 422
283 424
285 429
286 436
290 441
292 444
294 444
293 443
295 438
296 435
301 429
306 427
313 425
315 424
321 422
325 421
329 421
332 422
338 423
342 423
340 422
338 418
343 416
350 416
354 416
356 416
359 418
360 418
364 420
377 422
372 421
370 421
373 424
375 429
374 434
374 437
378 441
381 443
382 441
384 437
384 432
383 426
382 420
382 414
384 409
389 404
395 401
400 399
400 399
408 396
413 393
417 389
418 387
421 382
422 374
422 369
423 369
428 369
428 369
428 367
429 365
433 358
437 355
449 353
456 349
458 346
459 340
464 337
470 335
476 332
481 329
481 325
481 322
483 318
478 317
473 318
469 322
465 325
461 329
456 330
450 330
445 330
442 331
438 333
434 336
428 339
426 339
422 339
420 341
419 343
416 345
414 346
412 347
409 348
402 349
400 349
396 349
396 347
398 346
401 341
402 338
402 337
401 337
400 336
400 336
400 336
400 335
401 333
403 330
400 327
397 326
394 329
392 330
389 334
386 339
381 344
379 346
374 348
373 346
374 342
377 338
379 334
383 329
388 327
391 326
394 325
397 324
401 323
402 323
401 321
398 320
393 319
389 319
386 318
379 318
377 319
373 318
373 317
375 317
379 315
380 314
380 313
377 312
375 311
372 310
369 309
365 309
362 306
361 305
358 305
352 306
344 304
338 305
326 307
323 307
314 307
305 308
293 308
288 307
281 307
266 306
254 306
243 306
235 306
233 306
229 306
228 304
228 302
227 300
224 297
223 296
221 295
220 295
220 293
220 289
220 285
221 282
221 280
221 277
222 271
223 270