1069 351
1069 351
1069 351
1071 351
1074 353
1073 352
1073 352
1073 351
1076 348
1078 345
1080 345
1083 344
1085 345
1087 346
1089 348
1089 349
1089 352
1091 352
1093 353
1095 352
1097 352
1099 354
1100 355
1101 359
1102 360
1104 362
1106 362
1108 364
1110 364
1110 364
1112 365
1112 365
1114 366
1117 368
1120 369
1122 371
1123 371
1123 372
1125 374
1127 375
1129 375
1133 375
1132 374
1132 372
1133 371
1133 369
1133 368
1131 367
1131 366
1129 365
1129 364
1129 363
1131 362
1133 360
1136 359
1137 359
1139 359
1142 359
1143 359
1145 358
1148 357
1150 355
1150 354
1148 353
1147 353
1145 352
1144 351
1143 351
1139 351
1139 350
1139 349
1139 347
1138 347
1136 349
1132 352
1131 352
1128 352
1123 352
1121 350
1120 349
1117 346
1116 343
1115 341
1112 338
1111 338
1108 337
1106 337
1104 337
1103 337
1099 338
1096 337
1093 335
1090 333
1087 331
1085 330
1083 329
1080 327
1079 327
1078 326
1077 326
1073 328
1070 328
1069 328
1066 330
1066 330
1066 333
1068 336
1069 341
1068 344
1068 345
1068 348
1070 350
1072 351
1071 351
1071 351
