520 572
520 572
520 572
520 572
519 572
517 571
517 570
515 569
512 565
510 564
508 565
505 565
503 564
502 564
498 563
495 562
491 561
489 560
488 559
486 558
484 556
484 556
483 552
480 549
475 549
472 548
472 546
472 544
472 543
471 542
468 541
467 541
465 539
464 537
464 534
463 534
458 534
453 535
451 536
449 536
444 537
441 536
438 535
436 535
433 533
432 530
431 530
428 529
427 528
427 528
423 527
422 528
420 531
418 534
417 535
419 537
419 538
419 539
417 540
414 540
414 540
414 536
415 534
415 532
415 532
413 533
412 534
411 536
409 538
408 540
407 541
407 543
408 544
409 544
411 545
411 547
412 548
412 550
412 552
412 554
413 554
414 555
416 556
417 556
420 556
422 556
424 558
425 559
426 560
426 561
428 561
431 563
434 563
436 564
437 566
435 568
436 572
437 576
437 577
436 579
434 582
436 584
437 584
438 588
438 590
440 591
442 591
444 593
444 593
447 593
450 593
452 591
454 588
454 586
454 584
454 581
454 578
453 576
452 574
453 574
455 575
458 576
459 576
461 576
461 576
461 576
462 574
465 574
466 574
469 573
472 571
472 569
472 568
473 568
474 569
475 572
476 576
477 579
478 582
478 584
479 587
480 589
482 591
485 590
487 587
491 587
491 587
495 586
496 586
498 587
498 588
497 586
497 582
500 583
503 582
506 583
507 585
507 586
510 586
513 586
514 585
516 583
517 580
518 577
521 575
522 574
522 573