1353 472
1353 472
1353 472
1353 472
1353 472
1353 472
1349 475
1347 478
1346 481
1345 484
1345 488
1346 489
1349 490
1351 492
1353 495
1356 497
1358 499
1360 502
1362 505
1364 507
1365 510
1366 512
1366 513
1368 519
1368 520
1368 523
1369 525
1366 529
1366 530
1365 532
1362 535
1360 536
1358 536
1356 538
1357 539
1356 541
1351 543
1351 546
1349 547
1348 547
1348 543
1348 542
1347 540
1346 538
1346 536
1346 534
1349 533
1350 533
1351 534
1351 534
1351 533
1351 532
1352 531
1353 529
1354 528
1355 526
1356 523
1356 523
1358 521
1358 519
1358 517
1358 514
1358 511
1358 508
1358 508
1357 507
1356 507
1355 506
1355 502
1355 502
1353 501
1351 499
1350 498
1348 496
1347 495
1346 492
1344 491
1342 490
1341 489
1339 488
1338 487
1338 486
1335 484
1338 481
1338 481
1339 479
1339 477
1336 476
1334 474
1332 474
1330 472
1327 469
1327 469
1325 467
1324 467
1324 466
1324 466
1327 464
1330 464
1333 463
1334 462
1336 461
1337 460
1338 460
1340 460
1341 461
1343 462
1345 463
1347 464
1347 465
1348 467
1351 468
1351 469
1352 470
1353 470
1353 471
1353 471