1022 521
1022 521
1022 521
1023 522
1025 522
1027 523
1031 521
1033 519
1036 519
1038 519
1040 518
1042 516
1046 515
1047 514
1051 512
1054 511
1058 510
1062 510
1065 510
1069 508
1068 505
1068 504
1068 501
1070 501
1071 499
1071 499
1071 497
1070 496
1070 494
1069 493
1068 490
1067 489
1066 486
1064 486
1063 486
1059 486
1056 486
1054 486
1050 489
1049 489
1047 490
1044 493
1043 495
1042 496
1042 496
1041 497
1040 497
1038 496
1037 495
1036 495
1031 495
1030 495
1028 494
1026 493
1025 495
1024 495
1023 495
1022 497
1022 499
1021 500
1019 502
1018 503
1018 505
1020 507
1021 510
1022 512
1023 515
1023 518
1023 520
1024 521
1026 522
1028 522
1031 521
1034 519
1034 519
1034 519
1034 519
1034 519
