915 704
915 704
915 704
916 704
917 704
919 705
921 706
923 707
924 708
925 708
926 709
928 708
929 708
931 707
934 706
936 704
937 704
938 702
939 700
942 699
944 699
945 696
946 694
947 694
951 693
952 692
952 692
953 690
955 687
958 686
961 685
965 683
967 683
968 681
968 678
967 678
967 675
967 673
969 672
969 671
969 666
968 663
968 663
969 661
969 661
968 658
966 656
965 655
960 654
957 651
954 651
950 650
946 650
943 655
945 658
945 661
944 664
944 666
944 669
944 671
946 672
948 672
950 675
951 678
951 680
949 681
947 680
945 678
944 676
943 675
942 674
938 672
938 672
937 671
933 670
931 670
929 669
926 668
925 668
921 667
919 669
920 673
918 676
916 678
913 678
908 679
909 680
909 683
909 687
909 691
909 694
909 696
910 697
913 699
914 702
915 703
917 703
918 703
919 703
921 704
922 704
923 704
925 706
925 706
924 705
