975 774
975 774
980 773
979 773
981 773
984 770
986 764
988 761
987 763
988 769
989 771
992 774
994 774
996 775
999 774
1001 772
1001 770
1001 769
1000 768
1001 767
1004 764
1002 764
1000 761
998 761
997 756
997 755
1000 754
1001 754
1002 753
1006 752
1012 750
1019 750
1027 749
1038 748
1049 748
1058 748
1066 746
1066 745
1066 741
1064 739
1063 738
1063 734
1065 730
1063 727
1061 722
1061 718
1061 714
1061 711
1062 709
1064 706
1064 706
1062 704
1062 701
1062 699
1061 698
1059 696
1059 696
1057 696
1057 696
1057 690
1055 684
1052 678
1052 671
1049 667
1049 660
1047 657
1046 653
1044 649
1043 645
1041 637
1041 636
1040 632
1038 628
1037 624
1034 622
1031 621
1031 621
1029 621
1026 621
1020 622
1018 622
1015 622
1012 623
1008 624
1007 624
1007 624
1005 624
1001 625
996 625
990 625
984 626
979 626
972 626
971 627
969 630
969 634
969 642
969 645
970 648
969 656
969 662
969 668
969 674
969 678
970 683
970 691
969 698
969 707
970 713
969 719
969 721
969 726
970 730
971 735
972 742
972 746
971 752
972 756
973 760
974 764
975 768
975 773
975 775
975 775
975 775
