434 548
434 548
434 548
432 553
432 558
432 566
433 573
433 579
430 583
429 585
428 594
428 599
426 609
425 615
424 620
423 630
421 637
421 642
421 649
420 657
418 662
417 669
415 679
415 684
415 687
412 698
411 704
411 712
408 723
408 726
405 727
400 727
392 724
382 723
366 722
360 721
351 719
348 714
344 711
329 703
322 700
313 695
308 693
300 688
291 683
276 674
269 670
265 666
263 661
264 659
268 658
270 653
270 653
268 650
266 648
266 647
266 643
266 640
266 638
270 638
273 633
274 628
277 623
281 619
285 616
287 613
289 609
284 608
284 607
283 603
281 601
280 593
280 589
281 583
284 578
284 575
281 575
282 573
282 567
284 561
285 557
283 555
283 554
290 551
293 550
295 552
296 555
298 556
299 557
301 550
304 544
306 538
307 532
307 529
307 529
307 529
307 528
310 528
313 530
317 531
324 530
328 530
334 533
346 534
349 535
368 536
371 537
382 539
397 543
407 544
420 546
427 547
430 548
431 548
434 549
434 550
434 550
434 550
