800 586
800 586
800 586
803 585
807 584
815 584
820 584
828 585
833 585
842 584
849 584
855 584
859 584
859 584
860 583
870 583
875 582
884 582
891 582
897 581
902 581
910 581
915 581
916 582
918 587
919 589
916 591
914 593
912 594
911 595
909 596
909 596
913 596
917 597
920 597
922 597
926 596
928 596
927 597
927 598
927 600
927 604
926 606
924 607
923 608
922 609
920 611
918 614
918 614
918 617
919 620
919 623
919 625
917 626
915 629
914 632
910 635
910 636
908 638
908 643
908 645
908 646
909 649
907 650
904 651
901 652
901 653
900 658
899 659
898 662
898 663
896 665
896 667
896 669
894 672
893 674
891 675
892 678
893 679
895 681
896 684
896 685
896 687
896 688
894 689
894 692
894 693
894 695
894 696
888 696
885 697
879 697
875 697
871 697
866 697
859 697
854 697
847 697
840 697
833 697
829 697
821 697
817 698
817 698
817 698
817 695
818 690
818 687
817 682
816 680
815 679
813 680
813 680
810 681
806 679
805 676
805 672
805 667
805 663
805 659
805 655
805 651
808 645
807 641
806 636
806 630
807 625
807 623
806 619
805 616
805 611
804 610
802 604
803 598
803 595
802 589
800 586
801 585
802 585
805 585
805 585
806 585
806 585
806 585
806 585
