200 340
200 340
199 341
197 347
196 354
194 359
194 366
193 371
191 375
190 381
188 386
186 394
185 399
183 407
182 411
180 417
179 421
178 427
176 435
177 436
179 439
182 446
188 451
191 456
196 464
199 467
202 471
207 480
208 480
211 483
214 487
219 496
221 498
226 507
229 512
232 516
236 522
241 529
243 531
246 537
249 543
253 546
255 548
256 549
265 560
268 567
272 572
277 579
280 584
281 586
281 586
281 586
281 586
281 586
281 586
281 587
282 587
282 588
282 588
281 590
280 591
282 593
283 598
283 601
283 603
283 606
283 606
287 610
287 611
287 612
285 614
282 617
281 618
278 620
278 620
278 624
277 630
274 632
272 636
268 638
265 640
266 640
267 642
266 645
265 648
266 649
269 651
269 652
271 655
269 658
267 658
259 659
254 659
248 658
243 657
239 656
233 655
227 654
216 652
204 652
203 652
200 652
199 652
199 651
200 647
200 645
200 640
200 636
200 633
200 631
199 629
198 628
196 623
195 621
193 620
191 618
189 615
187 609
185 607
181 606
179 605
178 605
175 604
175 604
175 603
176 599
176 598
176 594
172 593
168 592
161 590
159 589
159 586
155 580
151 577
146 575
138 572
134 570
129 569
127 567
127 566
127 564
127 559
128 554
128 551
129 549
127 545
125 544
125 543
126 541
127 542
127 542
128 540
128 538
125 536
122 533
121 531
119 529
118 525
118 520
117 518
116 516
113 512
112 508
111 505
109 504
109 499
109 494
112 494
113 493
114 492
116 485
115 484
113 482
109 480
107 478
105 475
104 471
104 466
105 462
106 458
108 460
111 463
112 465
113 465
114 462
115 459
113 455
112 453
111 450
111 447
111 444
108 444
106 445
105 448
105 450
103 447
101 444
99 443
98 442
98 439
100 437
100 435
101 430
99 429
96 426
95 423
94 419
91 415
90 413
89 411
89 407
90 406
90 403
89 401
89 396
91 393
94 390
95 387
93 382
92 378
92 376
89 372
89 370
88 366
86 365
86 362
86 362
86 358
87 353
90 351
91 351
93 348
96 346
98 342
100 339
101 335
103 333
103 332
105 325
105 323
103 321
103 317
106 315
107 312
107 312
107 312
107 312
107 312
109 313
112 314
114 314
125 316
128 317
136 322
139 322
143 322
150 323
153 324
160 327
164 328
169 330
172 331
181 333
186 334
188 334
192 336
196 337
197 338
199 339
199 339
200 339
200 339
