619 439
617 442
617 443
618 449
617 456
619 464
619 473
618 477
617 485
616 494
616 500
616 506
614 514
614 524
614 533
613 539
613 545
612 553
612 558
612 562
612 564
611 565
610 566
603 565
596 565
591 565
585 566
576 565
570 563
561 563
552 562
545 561
533 560
523 559
511 558
497 557
494 556
485 555
473 552
460 550
452 550
437 549
435 549
433 547
434 544
434 538
435 533
436 521
436 516
438 509
439 500
440 494
443 487
443 482
443 481
443 479
443 479
442 477
442 477
443 474
445 467
446 461
446 455
448 447
449 440
449 435
450 429
451 422
452 420
452 420
452 420
454 419
457 419
462 420
467 421
469 422
473 423
477 423
481 423
489 426
492 427
495 427
499 428
514 428
517 428
528 425
532 426
542 431
549 431
559 431
570 431
580 434
590 434
597 435
602 435
605 436
612 436
613 437
616 438
617 439
617 440
618 441
618 445
618 445
618 445
