1002 770
1003 770
1005 769
1005 773
1005 773
1008 770
1010 768
1012 766
1014 765
1016 767
1015 769
1016 769
1020 769
1024 768
1028 767
1033 765
1034 765
1034 767
1034 768
1035 769
1038 769
1042 772
1045 772
1048 773
1050 773
1051 773
1054 773
1056 773
1057 777
1058 779
1058 779
1058 779
1058 779
1058 779
1058 780
1060 780
1061 781
1063 784
1063 786
1063 786
1063 786
1063 787
1064 787
1066 787
1073 787
1074 786
1075 785
1080 783
1084 780
1085 779
1087 778
1089 778
1088 776
1088 776
1088 773
1091 772
1092 772
1094 772
1096 771
1097 771
1098 771
1101 771
1102 772
1105 774
1107 775
1109 776
1112 778
1114 781
1114 782
1115 783
1117 784
1120 787
1123 789
1126 790
1128 794
1131 795
1132 796
1133 796
1135 796
1136 797
1137 799
1139 803
1141 807
1142 808
1143 810
1144 814
1144 816
1144 820
1142 823
1141 826
1140 829
1141 834
1142 836
1143 837
1145 839
1145 839
1145 839
1145 837
1143 836
1143 833
1145 832
1147 831
1149 833
1150 833
1150 834
1151 833
1153 832
1154 834
1154 838
1154 840
1152 841
1149 845
1148 846
1147 847
1148 849
1151 853
1153 855
1154 856
1156 859
1156 860
1158 862
1160 863
1160 865
1162 866
1162 866
1165 865
1167 865
1167 866
1169 868
1170 870
1171 874
1172 877
1173 879
1175 879
1178 884
1179 885
1181 887
1183 888
1185 893
1189 894
1192 895
1195 898
1196 899
1197 902
1199 903
1201 905
1203 909
1204 909
1206 909
1207 909
1207 911
1207 912
1211 912
1214 911
1220 910
1223 908
1224 906
1223 902
1223 897
1223 891
1227 888
1227 887
1226 885
1224 879
1224 878
1225 873
1227 869
1224 866
1223 860
1222 856
1221 853
1218 847
1216 846
1212 842
1210 837
1209 834
1208 831
1206 829
1204 824
1203 821
1201 819
1200 815
1200 812
1201 811
1203 808
1202 807
1200 805
1198 802
1196 800
1192 797
1189 796
1187 794
1187 794
1187 794
1187 794
1187 794
1187 793
1187 789
1185 787
1182 784
1179 781
1174 778
1173 774
1173 770
1173 766
1171 763
1169 758
1167 755
1165 753
1165 749
1165 743
1165 742
1164 742
1161 741
1159 740
1156 739
1154 738
1153 738
1152 739
1148 741
1148 744
1150 748
1150 750
1150 753
1147 756
1146 756
1144 752
1142 750
1142 750
1140 750
1135 750
1128 750
1121 750
1112 752
1107 753
1098 753
1092 753
1085 754
1076 754
1073 754
1071 754
1070 752
1068 750
1068 748
1067 745
1066 745
1059 745
1054 745
1049 747
1042 748
1033 749
1025 750
1019 751
1015 751
1013 751
1007 751
1001 752
999 753
996 754
995 758
997 759
999 760
1001 762
1002 764
1002 764
1001 769
1001 770
1004 771
1005 771
1006 772
1006 773
1006 773
1006 773
1006 773
