1067 744
1067 745
1067 750
1069 752
1072 753
1075 754
1083 754
1093 753
1099 752
1111 751
1118 751
1125 751
1138 750
1142 750
1144 749
1145 751
1147 753
1149 755
1151 756
1150 750
1151 744
1151 739
1151 739
1158 739
1161 741
1163 741
1163 736
1160 732
1160 726
1162 720
1166 714
1168 710
1170 703
1173 700
1173 699
1169 696
1167 696
1166 695
1166 695
1163 694
1163 693
1163 686
1163 681
1159 681
1157 680
1157 675
1155 673
1151 672
1150 668
1147 667
1142 663
1141 661
1138 660
1138 656
1136 654
1132 651
1130 650
1127 647
1124 646
1123 645
1122 645
1122 645
1120 643
1117 641
1116 639
1115 637
1113 631
1111 630
1109 629
1105 627
1102 626
1099 624
1097 622
1096 622
1096 620
1098 616
1100 614
1100 611
1100 611
1099 611
1092 611
1091 611
1084 614
1078 615
1073 616
1065 617
1059 617
1055 618
1044 619
1040 620
1038 621
1036 622
1035 626
1037 630
1039 634
1040 640
1043 644
1044 652
1046 658
1049 663
1050 669
1052 672
1054 678
1055 683
1055 684
1056 688
1057 690
1059 692
1059 694
1060 697
1060 697
1061 698
1062 698
1063 699
1064 700
1064 704
1064 704
1064 708
1062 710
1062 710
1062 712
1061 714
1060 717
1060 720
1060 724
1061 726
1063 728
1064 730
1064 734
1063 737
1063 739
1064 741
1066 743
1068 744
1068 745
1068 745
1068 745
