336 142
334 142
334 143
336 143
337 146
335 157
333 160
332 169
333 174
335 177
338 179
335 184
333 187
336 192
337 195
339 198
342 198
344 203
344 208
345 212
349 215
355 217
359 219
360 226
356 231
353 236
353 241
355 243
352 246
351 247
351 253
355 256
359 254
362 252
364 256
365 258
365 264
365 267
367 271
369 272
370 274
368 278
370 285
373 284
376 287
376 292
376 294
377 298
384 298
385 297
388 297
392 296
394 295
397 297
404 298
407 298
409 298
413 293
415 293
416 297
418 300
420 302
420 306
420 315
420 319
417 326
417 332
417 337
416 347
415 352
413 360
413 368
411 376
409 383
406 380
402 379
393 378
388 378
381 378
369 374
363 374
357 372
346 371
330 367
327 367
319 364
312 363
303 362
290 359
283 357
270 355
269 352
269 351
270 344
272 337
274 331
275 327
276 322
278 314
279 309
279 304
282 300
284 296
284 295
284 290
286 289
288 288
285 285
282 282
282 278
285 273
286 270
291 270
292 267
293 263
296 259
299 258
301 249
305 247
307 242
306 239
303 237
299 235
299 233
299 232
300 227
301 224
299 219
299 219
300 217
300 214
300 214
302 212
303 204
305 199
306 193
307 189
308 185
309 179
311 174
311 168
312 164
313 158
314 155
316 149
317 147
317 143
317 140
318 138
319 138
321 139
323 140
328 141
333 141
334 141
336 142
336 142
336 142
