892 388
892 388
892 388
894 388
898 389
903 390
909 388
917 386
926 386
935 386
944 385
952 385
957 385
957 385
956 389
959 395
960 395
962 398
962 401
963 402
965 404
967 409
967 410
968 414
968 416
968 421
968 424
968 430
968 435
970 442
972 453
973 461
974 468
974 473
972 480
973 484
974 490
972 491
971 493
975 498
976 500
976 504
976 508
973 512
971 517
968 521
966 522
965 526
966 529
967 531
966 534
965 536
964 540
964 542
965 545
965 546
963 547
956 550
956 550
956 551
956 556
954 558
952 559
949 560
943 559
941 557
938 558
937 563
934 564
933 561
929 555
931 554
931 551
931 549
929 546
929 542
927 541
920 536
916 534
912 532
907 528
903 525
903 524
906 519
909 517
910 512
909 509
909 507
909 504
905 504
902 504
900 505
897 504
897 498
894 494
892 491
888 488
883 485
880 481
878 480
874 477
870 470
873 465
876 458
877 456
876 453
878 451
880 448
882 445
884 442
884 439
886 438
886 435
884 433
883 432
882 430
883 426
885 424
891 422
898 421
899 419
900 417
900 417
900 417
900 417
900 417
900 412
900 412
904 409
905 403
905 401
901 398
900 398
898 397
897 396
897 395
895 393
894 392
892 391
892 391
892 389
892 388
894 388
896 389
897 389
897 389
897 389
