966 535
968 535
971 531
975 529
979 530
982 531
990 533
991 532
992 527
995 526
998 528
1001 529
1004 524
1007 522
1012 522
1014 523
1018 518
1025 513
1028 509
1028 504
1028 498
1032 498
1037 498
1040 497
1042 494
1039 491
1038 486
1038 483
1039 477
1039 473
1040 466
1040 463
1037 460
1037 460
1037 459
1037 459
1037 459
1037 458
1036 455
1035 449
1035 447
1035 444
1035 442
1036 439
1036 436
1035 432
1035 432
1033 428
1033 427
1033 427
1033 426
1033 422
1033 415
1032 409
1032 405
1030 400
1030 400
1025 400
1017 402
1012 402
1006 403
1000 403
995 404
991 404
987 405
985 406
983 407
981 408
975 410
973 411
970 411
967 409
966 409
965 415
965 420
967 424
968 427
968 433
968 440
970 445
970 450
970 455
971 460
971 463
972 468
972 472
972 476
972 480
972 482
973 486
973 490
971 491
971 494
972 497
974 498
975 500
975 502
974 508
973 511
972 513
969 517
966 521
965 524
965 528
965 530
966 532
966 536
966 536
966 536
967 535
967 534
968 534
969 534
969 534
