754 361
754 361
758 361
761 362
770 361
779 359
786 359
794 360
798 360
803 359
807 360
817 360
831 359
841 357
842 357
857 360
872 361
876 360
876 358
876 358
874 358
875 360
879 362
879 364
878 367
876 369
876 375
877 378
882 381
888 383
889 384
889 388
890 391
893 392
895 392
896 394
899 399
901 399
903 400
904 402
903 406
901 410
900 413
898 417
896 418
894 423
891 424
887 424
884 425
885 429
885 431
885 434
885 439
884 440
881 446
879 448
875 451
877 453
877 455
876 456
874 456
872 455
866 452
859 450
853 450
845 450
841 451
835 453
832 453
830 453
822 455
814 455
809 455
800 454
788 454
780 455
773 455
772 454
769 450
771 448
770 444
770 441
770 440
769 439
769 435
768 435
766 434
766 434
766 434
767 434
768 432
767 430
767 424
764 421
763 417
765 417
763 416
762 415
760 413
760 408
757 407
756 406
758 401
757 397
756 397
755 396
754 394
754 389
752 387
752 383
752 380
754 375
756 374
754 372
753 371
752 370
751 368
751 366
752 363
754 360
756 360
758 362
760 361
760 361
760 361
