782 474
782 474
782 474
783 474
785 476
787 477
790 479
791 480
791 483
789 486
788 489
788 491
791 491
793 492
793 495
795 497
798 498
800 501
801 504
801 508
801 510
800 515
800 517
800 522
800 523
800 527
800 532
800 534
801 538
801 541
800 545
799 547
800 553
800 555
800 561
800 564
800 566
800 567
799 570
798 570
795 570
787 570
782 569
779 569
774 569
766 570
760 570
754 571
749 571
740 570
732 569
723 569
712 568
704 568
698 569
685 568
676 567
664 567
655 566
648 565
639 565
624 566
614 567
612 567
612 566
611 561
612 553
613 548
613 541
614 538
614 534
614 528
615 522
615 519
615 515
615 508
616 503
616 497
617 490
617 488
617 483
618 474
619 472
619 469
619 468
622 468
622 468
625 467
629 469
631 469
634 470
637 470
641 469
644 468
648 468
655 468
661 468
667 468
680 472
690 473
699 472
704 471
715 471
729 472
741 472
752 473
761 473
767 473
771 473
774 473
776 473
778 473
780 473
784 474
784 474
