933 580
933 580
933 580
936 580
938 581
942 582
946 580
950 578
955 578
962 577
965 577
968 577
968 575
966 573
967 571
970 570
973 572
975 572
981 572
988 571
989 570
991 570
998 570
1003 569
1008 568
1014 568
1025 568
1034 568
1039 567
1042 566
1043 566
1046 566
1051 566
1059 565
1064 563
1070 562
1075 562
1079 562
1080 562
1083 559
1086 557
1092 555
1096 553
1098 551
1098 547
1101 547
1102 546
1102 542
1102 541
1108 535
1113 532
1115 530
1118 527
1118 526
1115 526
1113 524
1112 524
1108 523
1107 521
1106 519
1104 516
1103 514
1101 512
1100 510
1099 507
1099 503
1100 499
1098 499
1096 498
1093 495
1089 492
1085 491
1085 491
1084 494
1083 495
1081 496
1077 495
1073 495
1070 498
1070 498
1067 497
1066 496
1063 495
1060 495
1060 495
1060 495
1060 495
1060 494
1058 493
1056 492
1054 490
1053 488
1050 486
1049 486
1047 485
1043 485
1041 485
1041 485
1040 485
1039 489
1039 490
1041 493
1042 494
1042 494
1042 494
1041 496
1038 497
1036 498
1035 499
1034 499
1031 499
1030 499
1027 500
1026 504
1026 506
1026 508
1024 512
1021 513
1019 516
1018 518
1017 520
1017 522
1017 523
1014 523
1013 523
1008 525
1008 525
1007 523
1007 521
1004 521
1003 523
1003 525
1002 529
1001 530
999 530
996 527
995 527
992 527
991 528
991 530
989 534
987 534
984 532
983 531
982 531
979 531
974 531
973 530
970 531
968 533
967 536
966 536
964 538
964 540
965 543
966 543
965 545
962 545
958 547
957 547
955 548
955 549
956 552
956 554
956 558
956 559
955 559
952 559
948 559
947 558
945 556
941 556
938 557
938 561
938 562
938 564
939 565
940 565
942 567
942 568
942 572
942 573
939 575
938 575
935 576
934 577
934 577
934 578
933 580
933 580
935 580
936 580
938 580
940 580
943 578
945 578
946 579
947 579
948 579
948 579
