818 697
818 697
818 697
822 698
825 699
830 700
836 699
842 698
850 698
859 698
866 696
872 696
880 696
890 696
894 696
895 695
896 697
898 704
900 708
902 713
903 714
903 717
903 718
901 721
900 722
898 723
897 724
897 727
896 729
895 732
894 733
893 734
891 738
890 739
889 743
889 750
888 753
887 756
887 757
887 758
887 758
886 759
886 759
887 759
888 759
891 758
895 759
897 760
898 760
905 760
912 760
915 760
921 758
921 758
922 758
923 758
926 757
930 757
933 757
938 757
938 757
938 760
938 763
937 766
936 770
937 771
939 773
941 774
942 776
943 779
942 780
938 781
934 780
932 779
925 779
922 779
919 780
920 783
920 786
923 788
925 788
928 788
930 788
931 788
934 787
937 785
939 785
939 789
938 791
938 793
938 793
944 791
947 789
951 786
953 785
954 785
954 789
953 791
948 795
946 797
946 798
945 798
943 800
941 802
943 806
945 807
948 808
951 810
954 811
956 812
959 814
959 815
958 817
955 818
952 819
950 817
949 815
945 814
943 812
940 807
937 806
935 806
933 807
931 809
931 811
931 814
928 816
925 812
923 812
918 813
916 815
914 817
911 818
905 815
903 814
900 809
899 807
895 807
893 807
890 804
889 802
888 799
885 799
883 799
879 795
877 796
873 801
872 802
875 802
876 803
875 806
874 806
866 804
859 803
855 803
851 803
845 802
840 802
832 802
828 803
823 803
822 802
823 799
826 797
827 793
829 789
828 785
827 781
827 776
829 773
831 770
831 768
831 765
832 761
830 759
829 757
828 751
828 750
827 749
825 747
825 743
826 740
823 738
818 735
818 733
818 733
818 733
821 730
820 730
818 729
817 726
817 719
816 714
816 708
816 701
816 698
816 697
816 697
818 697
819 696
820 696
823 697
825 697
827 698
827 698
829 698
829 698
