1349 293
1349 293
1349 293
1349 293
1352 287
1354 284
1356 280
1354 275
1352 273
1352 272
1354 270
1357 269
1360 266
1362 267
1362 268
1364 270
1365 267
1364 263
1367 265
1368 265
1369 265
1370 262
1372 260
1374 260
1378 256
1377 251
1376 250
1377 247
1381 246
1387 245
1387 243
1388 239
1392 238
1394 237
1398 238
1398 238
1398 236
1399 235
1402 232
1405 232
1407 228
1408 225
1408 225
1409 224
1412 223
1414 223
1415 220
1414 219
1410 219
1410 218
1410 217
1411 216
1411 215
1411 214
1412 211
1410 210
1406 209
1402 211
1402 211
1402 211
1400 210
1399 208
1398 204
1398 201
1398 199
1397 199
1395 198
1392 198
1390 196
1389 194
1388 191
1387 187
1386 184
1385 180
1384 177
1384 174
1383 172
1382 168
1381 167
1379 164
1379 163
1378 160
1378 158
1377 155
1374 154
1373 153
1370 152
1366 150
1366 150
1363 152
1363 152
1360 154
1355 156
1355 156
1352 158
1349 160
1349 160
1349 160
1349 160
1348 159
1347 158
1347 155
1347 153
1347 152
1347 152
1343 153
1341 157
1340 160
1338 165
1337 169
1336 174
1336 177
1333 182
1334 183
1337 185
1338 186
1338 188
1336 190
1334 193
1333 195
1335 199
1337 202
1337 205
1335 206
1334 209
1335 212
1334 215
1333 215
1331 216
1332 218
1333 221
1333 223
1332 223
1329 223
1329 227
1328 227
1327 227
1324 227
1322 229
1325 231
1325 234
1327 239
1328 242
1328 244
1330 248
1331 254
1332 255
1334 261
1336 263
1337 267
1338 271
1339 273
1340 276
1342 280
1342 280
1342 284
1342 285
1341 286
1341 289
1344 290
1347 292
1349 294
1349 294
1350 294
