1172 462
1172 461
1176 462
1179 455
1184 450
1186 448
1188 447
1191 446
1191 447
1192 449
1195 447
1203 444
1208 443
1209 443
1209 446
1209 446
1211 447
1212 448
1213 450
1215 451
1219 452
1220 453
1219 458
1220 458
1226 458
1228 460
1231 462
1232 464
1231 467
1230 471
1230 473
1230 476
1230 478
1230 481
1231 481
1233 479
1237 478
1238 479
1240 481
1243 480
1246 480
1253 481
1254 483
1254 483
1252 480
1250 479
1248 477
1248 476
1248 475
1250 474
1250 474
1248 473
1246 470
1246 468
1245 465
1245 462
1245 460
1244 458
1244 453
1244 452
1244 451
1244 450
1243 450
1243 450
1243 448
1244 447
1246 445
1248 443
1250 441
1251 438
1253 437
1254 437
1254 437
1256 437
1256 438
1256 440
1255 441
1253 443
1251 446
1250 449
1250 451
1252 452
1254 452
1254 452
1254 453
1254 457
1254 460
1252 461
1252 462
1255 462
1255 462
1255 465
1255 467
1255 469
1255 472
1256 473
1257 474
1260 473
1263 472
1266 473
1265 477
1266 479
1267 481
1268 483
1269 483
1272 483
1273 482
1275 482
1277 481
1279 481
1280 481
1279 478
1278 477
1279 474
1281 471
1282 466
1282 465
1278 465
1274 468
1271 468
1268 467
1267 466
1267 464
1266 462
1266 461
1265 458
1263 456
1262 453
1261 451
1260 449
1260 447
1260 445
1259 445
1258 442
1258 440
1257 438
1257 435
1255 433
1255 432
1252 432
1249 432
1245 431
1242 431
1238 432
1233 433
1228 434
1223 435
1218 436
1212 438
1210 438
1204 438
1198 440
1194 441
1190 442
1186 443
1182 444
1179 444
1174 445
1170 446
1168 447
1168 447
1168 448
1168 450
1170 452
1170 454
1170 458
1171 458
1171 459
1172 460
1172 460
1173 460
1174 460
1174 460
