1353 344
1353 344
1353 344
1353 344
1353 344
1357 341
1359 339
1363 337
1362 343
1364 343
1365 340
1368 339
1375 336
1377 336
1377 336
1377 331
1377 330
1376 326
1375 325
1373 322
1369 322
1369 323
1371 325
1372 325
1373 327
1374 330
1375 331
1373 331
1371 333
1369 334
1366 334
1364 334
1362 332
1362 331
1360 329
1360 325
1357 324
1353 323
1350 323
1348 323
1348 322
1349 318
1352 315
1353 312
1351 311
1349 309
1349 306
1346 304
1345 304
1341 306
1340 309
1336 313
1334 313
1329 314
1324 315
1321 315
1316 316
1312 318
1307 319
1303 320
1296 321
1295 323
1296 327
1295 331
1294 333
1294 337
1295 340
1295 343
1296 344
1298 344
1302 342
1306 341
1308 340
1311 340
1318 339
1318 339
1324 336
1325 336
1329 336
1334 336
1334 335
1336 335
1340 335
1340 334
1343 333
1343 334
1343 336
1344 336
1344 337
1345 337
1346 339
1348 340
1350 340
1351 342
1352 343
1352 343
1353 344
1353 344
1354 344
1354 344
1354 344
1354 344
