984 405
984 405
984 405
989 405
993 406
1001 406
1008 404
1017 402
1023 400
1030 399
1031 399
1032 401
1034 404
1043 404
1054 401
1058 398
1062 397
1064 390
1067 387
1067 386
1067 383
1065 379
1070 375
1072 373
1071 366
1072 365
1077 364
1079 366
1079 361
1080 358
1079 351
1077 347
1076 341
1074 334
1072 328
1069 325
1065 323
1061 325
1058 328
1055 333
1053 338
1051 340
1047 340
1045 338
1044 336
1042 333
1042 328
1044 326
1047 325
1050 323
1049 319
1051 316
1054 310
1054 306
1054 302
1052 300
1049 295
1048 290
1051 291
1051 287
1048 286
1046 285
1043 283
1040 281
1036 281
1032 277
1029 276
1024 275
1018 274
1014 274
1010 280
1012 284
1014 285
1011 287
1010 288
1006 292
1005 295
1006 297
1006 303
1005 304
1003 306
999 305
999 304
999 298
999 298
998 297
997 303
996 303
994 303
992 305
991 308
991 311
989 312
989 312
987 318
987 324
988 325
986 328
985 330
984 332
984 333
987 336
987 338
987 343
987 344
986 349
988 350
990 354
992 358
993 364
995 365
996 370
996 373
997 376
996 384
994 388
992 394
989 398
986 402
985 404
984 405
983 405
983 405
985 406
985 406
985 406
