755 360
755 360
757 361
760 361
765 360
771 359
776 359
782 360
787 361
789 361
795 360
802 359
808 361
816 359
825 358
830 357
840 358
850 359
854 359
863 359
868 357
871 357
874 357
874 357
874 357
874 357
874 357
874 357
874 357
876 353
875 352
873 350
875 343
870 342
865 339
862 338
859 336
857 333
855 329
851 329
848 327
847 325
845 324
840 323
839 319
838 315
837 312
837 308
837 301
838 300
838 300
839 297
839 295
836 293
834 292
834 291
834 291
834 291
835 290
835 289
837 286
836 281
837 280
842 279
844 277
846 275
848 270
848 268
847 263
848 257
848 255
848 255
848 255
848 255
849 254
854 250
857 247
861 244
865 241
869 236
872 231
874 230
878 227
878 227
879 225
880 223
884 223
888 221
888 216
893 216
898 214
901 213
902 211
895 212
895 211
890 209
886 209
881 209
878 208
877 207
873 206
871 208
867 211
865 211
863 211
860 211
856 210
848 207
847 206
847 205
842 207
841 205
839 203
837 200
833 198
829 197
826 196
818 198
816 198
811 198
810 198
810 196
809 196
805 195
803 195
801 196
800 196
799 195
798 195
793 195
793 195
793 194
791 192
791 188
791 187
791 179
791 179
788 176
785 174
783 174
782 180
782 184
782 186
778 184
772 183
760 185
752 186
745 185
740 185
738 185
738 185
737 188
740 191
741 194
741 195
741 197
741 199
740 201
739 205
738 210
738 213
738 216
741 219
741 220
742 223
743 224
745 224
745 227
746 230
745 232
745 236
745 238
745 242
745 244
746 247
746 248
745 252
745 254
746 255
747 257
749 258
749 262
750 263
751 265
751 268
751 269
752 270
752 272
751 274
751 275
752 277
752 280
751 281
750 283
750 287
747 288
745 292
744 294
748 296
751 299
754 302
756 305
756 307
756 309
756 312
756 316
756 318
755 326
755 332
756 337
755 347
755 348
756 352
756 355
755 360
755 360
755 361
755 361
755 361
