772 454
772 454
772 454
776 455
782 454
786 453
793 453
799 453
804 454
805 454
806 454
812 452
814 452
821 452
827 452
836 451
841 451
845 451
847 451
856 452
860 452
864 450
869 449
870 450
872 452
875 455
876 458
876 459
876 467
874 469
875 476
876 477
879 480
882 482
885 486
887 487
891 489
892 491
894 495
895 502
896 504
897 505
900 504
902 503
902 503
902 503
903 503
904 503
904 503
908 503
909 503
911 508
909 513
908 514
907 521
904 523
905 525
907 527
910 529
913 534
921 534
924 540
927 540
927 544
928 550
930 551
933 552
930 553
930 557
933 559
936 562
940 563
940 566
942 569
941 572
937 575
935 577
933 580
929 583
929 587
929 591
926 595
927 598
922 597
919 598
913 598
911 595
913 593
919 589
915 586
912 582
909 582
902 581
893 581
886 582
882 583
872 582
865 582
858 582
851 583
844 584
840 584
836 584
829 585
825 586
823 586
818 586
813 586
808 586
802 586
801 586
801 582
802 577
802 572
802 569
801 563
801 557
800 553
801 548
802 545
802 540
801 535
800 533
801 527
801 524
801 521
801 517
800 510
801 507
801 502
801 500
800 500
798 499
795 499
794 495
792 492
789 491
789 489
789 486
792 482
790 481
787 479
784 477
782 475
782 471
782 469
780 467
778 466
778 463
777 462
776 459
776 458
773 457
773 454
773 454
774 454
774 454
