969 627
969 627
969 627
970 633
970 639
970 644
970 651
970 657
970 664
970 669
970 675
969 682
970 688
970 695
970 702
970 707
968 713
969 721
969 727
969 732
969 736
971 740
971 744
972 750
972 755
974 761
974 766
974 770
975 772
975 773
975 774
973 775
972 774
968 774
965 774
961 776
958 777
954 778
951 779
948 781
946 781
943 782
943 782
943 779
941 774
939 772
937 769
937 768
937 764
936 759
935 755
932 755
926 756
922 756
920 757
916 757
908 759
903 759
895 759
890 759
887 758
887 755
887 749
889 746
890 741
892 737
894 732
896 728
897 724
898 723
902 721
902 720
902 715
899 710
898 706
897 704
896 699
894 692
894 691
895 690
897 687
895 684
893 680
892 680
891 678
891 678
891 678
893 672
895 675
895 674
895 669
898 664
899 661
900 657
902 652
906 650
908 646
909 644
909 638
909 638
913 633
916 631
919 631
920 631
920 631
923 631
925 631
929 630
934 629
940 629
945 628
951 627
958 627
960 627
965 627
967 627
969 628
969 628
970 628
970 629
971 631
971 631
971 631
971 631
