593 179
593 179
592 181
592 184
594 187
593 194
593 198
592 206
592 211
591 218
591 222
590 227
590 234
590 238
590 239
589 244
587 250
587 257
587 264
587 268
587 275
584 282
583 288
583 294
583 299
581 303
580 304
577 305
571 305
563 304
556 302
547 301
534 300
524 299
514 299
509 298
501 296
487 295
482 293
472 292
461 290
455 289
442 289
430 287
428 287
425 287
424 287
425 293
421 295
419 299
421 302
419 304
416 300
415 295
413 294
413 295
411 297
408 297
405 297
403 296
399 296
395 296
393 294
393 296
391 297
388 298
386 297
384 297
377 297
376 296
374 293
373 292
374 285
374 284
373 283
370 281
369 280
368 277
368 275
368 272
366 270
365 267
365 261
363 256
362 253
362 253
360 255
356 256
351 256
349 253
349 247
353 243
354 243
354 241
354 238
356 232
358 229
360 223
360 221
356 220
354 218
351 216
351 216
348 214
347 209
347 206
344 204
342 202
340 200
337 196
335 192
334 189
335 184
337 184
336 179
334 177
333 171
333 164
335 156
337 147
338 145
337 144
338 144
340 144
344 144
348 144
354 144
358 147
362 148
368 148
374 148
379 148
384 150
393 152
400 153
411 155
415 155
426 156
435 158
449 160
451 161
459 164
462 164
474 167
482 168
491 169
498 169
504 170
514 171
514 171
515 171
526 172
535 173
543 174
556 175
566 176
577 179
580 179
585 179
586 179
590 179
593 179
594 179
