577 369
577 369
577 369
577 369
580 369
585 368
590 366
597 367
603 369
609 369
616 370
625 369
631 370
638 370
648 370
656 371
661 371
669 373
675 373
683 375
694 377
700 373
703 373
707 375
705 378
705 378
706 379
711 381
714 377
718 376
720 380
722 387
726 387
730 382
734 382
738 382
743 385
747 387
750 390
751 391
753 393
753 397
754 398
755 398
756 399
757 402
757 404
757 406
757 407
759 409
760 409
761 412
761 415
760 418
761 419
763 422
763 427
764 427
764 428
766 430
767 431
768 435
769 437
769 442
769 445
769 446
772 447
772 449
772 452
773 455
774 455
774 458
775 463
777 463
780 465
781 467
782 470
783 471
783 473
781 474
774 475
765 473
761 473
755 473
747 473
739 472
734 472
720 472
711 473
699 473
690 471
676 470
663 470
652 468
644 468
631 469
621 469
617 469
617 463
618 458
619 454
618 447
617 442
618 437
617 437
610 437
608 437
598 434
588 434
579 432
572 432
568 431
570 427
570 422
572 413
573 406
574 398
574 395
574 387
574 382
576 378
575 374
577 368
578 368
581 367
581 367
