339 369
339 369
339 370
337 375
336 376
336 383
336 388
336 390
333 393
331 402
331 407
330 413
328 418
327 425
326 430
326 436
324 442
323 449
321 457
320 459
320 467
319 474
315 482
315 487
312 496
312 500
312 508
310 513
309 518
308 523
307 528
305 535
303 540
302 545
300 551
300 554
298 555
295 556
294 555
294 553
294 551
292 551
288 551
283 551
284 554
284 555
284 558
283 563
282 564
283 568
283 571
282 575
279 578
282 579
283 580
282 584
280 584
277 581
276 580
273 576
269 570
267 567
264 563
258 556
254 551
249 544
242 533
239 529
236 524
231 516
229 513
223 504
218 496
215 493
212 489
210 485
207 479
204 474
199 467
196 462
189 452
186 448
181 441
177 437
176 429
177 423
180 416
181 412
183 405
186 396
187 390
189 383
191 376
193 370
195 364
196 354
199 347
200 341
200 338
201 338
203 339
205 340
210 341
213 342
218 343
225 346
230 347
238 349
240 349
244 349
252 351
256 352
261 353
269 354
277 355
284 356
288 358
293 359
298 361
310 364
311 364
316 364
323 366
329 368
334 369
336 370
338 370
339 370
339 370
