586 566
586 566
586 570
585 573
585 579
586 587
585 593
584 596
583 604
583 607
583 613
583 613
583 619
581 622
581 630
580 639
578 644
578 652
578 659
578 667
577 673
576 677
578 680
577 685
574 693
574 700
574 706
572 715
573 720
573 723
573 725
570 725
562 721
558 721
553 721
545 721
538 721
529 722
521 722
514 720
501 718
491 717
484 717
477 718
477 719
475 720
469 720
460 719
449 717
442 717
434 717
432 718
433 723
433 726
429 730
425 729
415 726
410 726
410 723
411 716
412 709
413 700
415 690
415 680
417 671
419 662
421 653
421 648
421 639
422 632
423 624
425 613
427 607
428 601
430 591
431 584
432 578
432 570
433 563
434 555
435 549
435 547
435 547
437 548
442 550
448 550
454 549
461 549
465 551
472 552
473 553
474 553
482 553
487 554
502 557
514 558
519 558
528 559
530 559
541 560
555 562
570 564
576 565
579 565
583 565
585 566
586 567
586 568
588 574
587 577
585 579
585 579
585 579
