1322 231
1323 231
1323 231
1322 231
1320 230
1317 230
1314 237
1316 240
1316 244
1316 248
1315 250
1315 252
1317 252
1318 255
1317 258
1315 261
1314 262
1312 264
1310 265
1308 268
1309 270
1310 272
1311 275
1310 277
1310 279
1309 283
1308 285
1308 287
1308 293
1309 295
1309 298
1309 302
1309 305
1309 306
1308 308
1308 310
1310 312
1310 316
1311 316
1314 316
1319 315
1323 313
1326 314
1333 314
1338 312
1340 311
1344 308
1345 306
1346 304
1347 303
1347 301
1347 298
1348 296
1349 294
1346 292
1343 290
1341 286
1341 281
1340 278
1339 277
1337 274
1335 269
1334 264
1333 261
1332 256
1331 251
1330 249
1329 246
1327 245
1327 242
1326 238
1324 235
1324 235
1323 232
1322 232
1320 231
1320 231
1320 231
