1147 369
1147 369
1147 369
1149 373
1150 374
1150 379
1150 379
1154 375
1159 373
1164 372
1170 369
1182 368
1190 368
1190 368
1191 368
1197 368
1204 365
1210 363
1212 363
1220 362
1227 359
1234 359
1245 356
1251 354
1253 354
1253 357
1255 361
1259 364
1262 366
1265 369
1267 369
1269 372
1273 372
1276 373
1281 376
1286 377
1290 378
1293 379
1293 380
1295 381
1296 380
1297 378
1297 377
1297 376
1296 375
1296 373
1298 372
1298 371
1300 369
1300 369
1298 365
1297 363
1297 357
1296 352
1296 350
1296 345
1295 344
1294 343
1293 338
1293 333
1294 329
1294 327
1295 322
1294 320
1293 319
1291 316
1290 315
1289 312
1289 308
1289 303
1289 300
1289 298
1287 297
1286 296
1284 295
1284 294
1283 292
1283 292
1283 292
1283 292
1283 292
1283 288
1283 288
1281 284
1279 280
1279 278
1280 277
1281 274
1282 271
1280 268
1279 267
1278 263
1276 261
1275 257
1275 256
1274 255
1272 254
1271 254
1266 255
1265 256
1262 256
1258 257
1253 258
1251 258
1249 259
1246 259
1244 259
1243 259
1242 259
1239 261
1237 265
1235 267
1232 270
1230 271
1229 274
1227 276
1226 278
1224 281
1224 284
1224 285
1222 288
1221 289
1217 292
1216 295
1215 296
1217 298
1219 298
1220 299
1220 300
1220 302
1218 303
1218 306
1220 307
1220 308
1220 311
1219 312
1216 314
1214 314
1214 317
1210 319
1211 322
1208 324
1207 323
1203 323
1201 324
1198 326
1195 327
1193 327
1191 328
1189 329
1189 325
1185 325
1182 325
1179 326
1177 326
1175 327
1171 327
1168 329
1167 330
1163 332
1161 333
1159 336
1161 338
1163 339
1164 341
1165 343
1165 345
1165 348
1165 348
1163 351
1162 353
1160 357
1158 357
1156 359
1153 362
1151 363
1148 366
1148 368
1147 369
1148 370
1148 370
1148 370
