1285 441
1285 441
1287 441
1287 441
1288 436
1289 434
1292 430
1294 425
1296 424
1297 420
1299 414
1299 410
1299 407
1297 402
1296 399
1295 397
1293 398
1290 399
1287 399
1287 396
1286 394
1288 392
1291 391
1291 390
1291 387
1291 387
1294 384
1294 381
1291 379
1287 378
1285 377
1281 375
1278 374
1276 373
1273 372
1272 372
1269 373
1267 378
1267 382
1267 383
1266 384
1263 385
1264 386
1266 389
1267 389
1267 391
1265 393
1264 396
1264 398
1264 399
1265 400
1268 400
1268 401
1270 403
1271 404
1273 405
1276 407
1279 409
1279 411
1277 413
1274 414
1272 416
1272 417
1272 419
1269 421
1266 423
1263 426
1263 426
1263 429
1263 431
1266 432
1267 433
1271 435
1273 437
1276 439
1277 439
1280 441
1282 441
1284 442
1285 442
1285 442
1285 442
1286 441
1287 439
1288 438
1288 437
1288 437
