738 185
738 185
738 185
738 186
739 187
740 188
741 194
743 195
741 197
740 202
741 210
739 217
740 219
742 222
743 223
745 224
745 229
746 233
746 236
746 242
746 247
746 252
746 254
747 256
750 260
751 262
752 265
753 269
752 273
750 278
751 279
750 282
743 280
736 280
731 280
723 281
715 281
700 281
694 281
687 280
678 278
668 278
658 278
652 278
644 278
634 278
628 277
617 276
604 275
591 274
585 274
585 273
585 272
586 266
587 260
588 255
588 249
589 242
589 237
589 231
591 224
591 221
591 214
593 207
592 203
593 192
594 184
593 177
597 178
598 179
601 179
604 179
612 180
616 181
623 182
630 182
638 185
641 186
642 186
646 184
653 182
663 182
676 182
681 184
695 186
706 185
716 183
727 185
734 185
739 184
