1064 616
1064 616
1064 616
1069 617
1075 616
1081 614
1087 613
1094 612
1100 612
1103 611
1108 609
1110 606
1119 603
1121 603
1123 602
1128 602
1137 600
1148 598
1151 598
1152 599
1152 600
1155 601
1159 601
1160 602
1161 604
1163 607
1167 608
1170 608
1175 607
1175 607
1185 607
1196 605
1196 605
1197 607
1198 609
1201 610
1211 616
1223 623
1222 624
1223 625
1225 626
1228 626
1233 625
1236 625
1238 624
1238 620
1243 615
1243 610
1249 604
1252 601
1253 600
1256 598
1257 594
1259 592
1262 592
1265 591
1267 589
1270 589
1272 586
1274 582
1270 584
1265 586
1259 586
1256 583
1258 582
1261 582
1263 582
1265 579
1266 576
1265 574
1263 571
1264 569
1265 568
1267 564
1269 567
1270 568
1275 568
1278 567
1278 564
1281 562
1283 561
1284 559
1284 559
1283 556
1282 553
1282 550
1280 551
1278 554
1275 553
1275 549
1270 552
1265 554
1259 555
1259 554
1260 551
1266 549
1266 547
1266 546
1268 544
1270 544
1271 544
1273 541
1273 541
1273 540
1276 541
1279 541
1279 538
1275 536
1273 535
1272 531
1270 531
1266 532
1262 533
1258 534
1253 535
1247 537
1242 538
1237 540
1231 541
1227 542
1221 543
1214 544
1209 545
1201 547
1196 548
1192 549
1184 549
1177 550
1172 550
1160 551
1156 552
1150 553
1142 554
1135 555
1131 556
1125 556
1123 557
1123 560
1124 563
1125 566
1124 567
1121 567
1119 569
1116 573
1115 575
1112 574
1109 575
1107 576
1105 581
1104 581
1102 580
1098 581
1097 583
1096 584
1094 585
1093 588
1092 591
1089 592
1083 595
1082 595
1075 599
1073 599
1071 599
1070 601
1070 603
1070 605
1067 610
1066 610
1065 610
1063 612
1063 613
1063 615
1064 615
1065 616
1066 616
1068 616
1068 616
1068 617
1068 617
1068 617