1040 486
1040 486
1044 486
1052 484
1053 484
1054 490
1056 492
1060 492
1063 493
1067 496
1071 497
1073 496
1081 496
1084 495
1087 493
1092 492
1094 495
1099 499
1100 499
1105 496
1107 493
1105 488
1108 482
1111 478
1112 480
1114 480
1115 479
1116 476
1116 473
1120 467
1122 465
1126 464
1131 462
1134 458
1136 453
1135 450
1135 447
1135 445
1137 441
1137 439
1137 434
1133 432
1133 432
1134 430
1135 427
1134 426
1133 426
1136 421
1137 419
1137 417
1136 407
1136 405
1135 401
1134 396
1133 392
1132 388
1131 384
1130 382
1127 383
1119 387
1114 389
1110 393
1107 397
1105 401
1104 402
1100 402
1097 401
1092 403
1088 406
1087 406
1082 406
1079 404
1077 403
1072 400
1068 400
1065 401
1062 401
1060 400
1058 399
1052 400
1049 401
1046 401
1041 401
1036 403
1033 403
1032 403
1032 403
1032 409
1032 412
1032 417
1034 421
1034 428
1035 433
1036 440
1035 446
1035 451
1037 456
1037 462
1038 466
1039 471
1039 474
1040 478
1041 483
1041 484
1041 486
1041 486
1041 486
