800 570
800 570
800 570
800 570
800 570
797 575
798 579
800 586
800 592
801 594
803 601
804 608
805 613
805 619
805 627
805 637
805 641
803 647
803 659
804 663
804 672
806 678
805 679
801 678
795 674
789 671
786 670
784 671
783 672
781 673
773 672
773 672
765 673
764 674
761 675
757 676
751 676
749 672
741 672
741 672
741 669
736 671
736 674
736 677
733 677
732 673
733 670
732 670
730 671
726 673
724 669
721 668
721 669
720 673
715 674
712 671
712 669
712 669
710 665
707 665
703 665
699 666
697 663
694 661
690 661
686 661
682 659
681 655
680 654
677 653
673 653
666 654
663 649
660 647
660 644
660 639
659 633
660 625
660 622
660 617
661 613
661 611
661 609
661 607
662 601
662 600
662 596
663 589
663 589
663 588
662 587
660 586
660 586
657 586
651 586
649 586
649 586
649 586
649 586
645 584
642 583
635 584
631 585
621 583
615 582
606 581
598 581
589 581
584 581
584 581
584 579
585 574
585 568
585 567
585 566
586 566
588 565
590 564
593 565
596 565
598 565
606 567
612 568
618 568
624 568
633 567
636 567
647 566
651 565
665 568
673 567
679 567
686 567
695 567
705 567
719 568
725 568
732 568
742 567
752 569
759 570
766 570
770 569
775 569
788 569
796 569
797 570
799 570
799 570
800 570
800 570
800 571
