299 230
299 231
299 232
301 233
301 237
305 234
308 238
307 243
306 244
304 245
302 248
301 248
301 251
298 255
296 257
295 260
295 263
293 264
291 265
289 267
288 268
286 271
286 272
285 275
283 278
282 281
282 283
282 284
286 284
289 289
287 288
286 287
285 288
285 290
286 291
285 294
282 296
282 299
279 302
279 306
279 310
277 314
277 317
276 321
274 327
273 331
272 337
271 343
270 344
269 351
268 352
269 353
268 354
266 354
260 353
252 351
245 350
239 348
226 346
220 344
210 342
202 340
199 339
191 337
183 335
178 333
169 330
163 329
156 327
148 325
143 324
137 322
129 319
120 317
113 315
107 314
104 313
103 312
103 308
103 303
103 301
104 297
106 295
106 293
106 290
104 284
104 284
107 282
111 280
113 276
113 273
116 268
120 264
123 259
125 254
127 250
129 245
130 240
133 232
136 228
136 228
136 228
138 222
143 213
144 208
145 204
147 196
150 189
151 186
151 186
154 184
156 186
157 186
159 188
161 189
163 190
165 191
167 192
168 194
169 200
169 204
169 206
170 209
171 212
173 213
174 213
176 213
179 212
184 214
191 214
193 215
197 216
204 216
206 217
207 218
211 216
213 217
217 219
219 221
221 221
223 223
223 223
225 221
229 220
232 219
234 220
235 221
236 221
237 221
237 221
241 219
246 220
250 221
255 219
258 220
262 223
266 224
272 225
278 226
289 229
291 229
294 229
297 231
