1143 451
1143 451
1143 451
1143 450
1146 450
1162 450
1174 445
1185 442
1196 440
1205 439
1217 435
1227 434
1235 434
1244 434
1254 432
1257 430
1259 425
1261 424
1263 424
1266 422
1269 420
1271 415
1273 412
1278 406
1277 405
1273 403
1270 403
1269 404
1269 401
1266 400
1264 400
1264 397
1265 395
1263 393
1264 392
1265 389
1262 387
1262 384
1265 382
1267 378
1268 375
1268 373
1269 370
1267 370
1264 370
1261 368
1259 364
1256 362
1254 358
1251 356
1249 356
1242 356
1236 358
1230 358
1225 359
1220 361
1215 362
1208 364
1201 365
1197 366
1193 367
1187 368
1184 369
1180 370
1173 372
1165 373
1159 374
1151 375
1147 376
1147 376
1147 372
1146 369
1146 369
1143 371
1142 374
1139 375
1136 376
1135 377
1132 380
1132 381
1132 383
1132 387
1133 390
1134 392
1134 396
1134 398
1135 400
1135 403
1136 407
1136 408
1137 413
1137 416
1138 420
1139 422
1139 425
1139 428
1140 431
1141 436
1141 440
1142 440
1143 443
1143 444
1143 447
1144 448
1144 450
1144 452
1144 451
