753 285
753 285
754 282
752 282
752 282
752 286
746 288
746 292
746 294
749 297
754 301
755 304
755 306
755 311
754 316
754 319
753 327
754 332
754 337
754 343
755 348
755 350
755 354
755 358
756 360
755 362
753 362
752 362
752 364
752 367
752 368
754 369
755 372
753 374
751 377
751 380
753 384
753 388
753 392
751 392
746 387
743 385
736 383
734 382
730 384
729 385
726 386
725 386
722 386
720 381
720 380
714 380
712 380
711 380
709 378
707 373
702 373
698 373
691 373
682 373
673 373
670 374
663 374
655 374
649 374
643 372
637 372
626 371
617 370
609 369
598 369
588 369
581 369
577 368
577 365
577 359
577 355
578 352
579 343
579 340
579 336
581 330
581 326
582 318
583 311
583 307
583 301
584 296
585 291
587 287
587 282
587 276
588 273
588 273
588 273
590 274
593 274
597 274
608 274
612 274
620 276
627 278
634 277
641 277
647 277
658 277
663 278
666 278
671 279
685 280
689 280
698 279
713 279
721 280
729 282
738 282
744 282
747 282
749 282
750 282
751 282
751 282
