1172 697
1172 697
1172 696
1172 696
1176 691
1177 691
1175 690
1176 687
1178 687
1179 687
1179 685
1181 681
1182 679
1185 679
1187 678
1191 675
1192 675
1194 674
1195 671
1198 667
1200 666
1203 666
1204 662
1205 659
1208 657
1211 655
1211 653
1212 648
1213 645
1213 642
1216 637
1218 634
1222 631
1225 629
1226 628
1223 626
1221 626
1218 624
1215 622
1213 620
1209 618
1208 617
1204 615
1202 612
1199 611
1196 607
1193 606
1191 605
1189 605
1186 603
1186 603
1181 607
1177 608
1172 608
1167 608
1163 608
1162 607
1161 604
1159 603
1156 602
1154 601
1154 601
1154 600
1154 600
1151 599
1151 599
1143 599
1138 601
1135 601
1129 603
1125 603
1121 604
1118 604
1114 605
1111 608
1110 608
1105 610
1101 612
1100 615
1100 617
1098 618
1096 620
1095 622
1098 624
1103 627
1108 629
1110 630
1112 632
1115 635
1117 640
1117 642
1121 644
1125 648
1129 650
1132 651
1134 653
1136 655
1138 657
1139 659
1140 662
1142 663
1145 665
1148 667
1149 667
1151 669
1153 672
1154 673
1157 674
1158 676
1159 682
1160 683
1163 683
1163 685
1165 687
1166 691
1167 693
1168 694
1169 698
1169 698
1171 698
1172 698
1174 698
1174 698
1174 698
1173 697
1172 697
1171 696
1171 696
1171 696
