915 631
916 631
920 631
925 629
933 628
938 627
941 627
947 627
958 627
963 626
969 625
976 625
989 625
994 624
1000 623
1005 622
1015 622
1024 622
1035 621
1042 620
1049 619
1056 618
1061 617
1063 615
1063 611
1067 610
1069 606
1069 604
1072 600
1075 597
1075 597
1075 597
1079 597
1083 594
1087 592
1091 590
1093 588
1093 586
1098 582
1102 579
1104 579
1106 580
1109 578
1111 576
1113 575
1116 573
1117 571
1120 568
1122 567
1123 566
1124 561
1124 557
1121 557
1114 557
1105 558
1098 559
1092 559
1084 560
1073 562
1066 563
1062 564
1050 565
1041 566
1037 567
1029 567
1018 568
1011 569
1001 570
988 571
981 571
974 573
970 573
969 571
964 571
965 573
967 573
968 575
966 577
965 577
960 577
953 578
947 579
939 580
936 580
931 580
929 583
928 586
927 589
925 593
927 597
927 600
924 603
921 605
921 608
921 611
919 614
919 614
917 617
918 619
918 623
917 625
916 628
915 629
913 630
914 630
916 631
917 631
917 631
917 631
