662 586
662 586
662 586
662 586
662 592
662 597
661 601
661 605
661 609
660 613
661 620
662 627
661 635
661 640
660 644
660 647
662 649
665 651
669 653
672 655
673 653
679 653
681 656
680 659
681 659
683 658
684 657
689 661
691 661
697 663
698 664
701 666
702 665
704 664
708 666
709 666
712 667
713 667
713 669
713 672
715 672
718 672
719 672
721 671
721 669
724 669
729 673
731 672
732 671
733 671
733 673
733 675
735 675
737 675
737 672
743 670
742 670
743 671
744 671
747 673
749 673
753 673
754 674
756 675
756 675
760 678
759 678
759 674
763 674
765 673
768 673
770 673
771 671
773 671
775 670
775 670
776 670
778 670
779 671
782 672
785 671
786 670
788 670
789 671
792 672
795 674
797 675
802 677
803 678
806 680
807 681
810 682
811 682
812 680
813 680
815 681
816 682
816 686
817 690
817 691
817 695
818 697
817 700
817 701
817 706
816 709
816 709
816 712
816 715
817 718
817 722
817 725
817 727
818 730
818 730
818 730
818 730
818 730
816 733
817 734
820 736
822 738
824 740
825 743
826 746
829 747
829 752
829 754
831 758
831 760
831 764
830 767
829 770
828 774
828 776
827 780
827 782
828 785
826 788
825 792
824 793
823 796
822 798
822 801
822 801
821 801
819 803
817 803
815 804
813 806
810 806
807 807
806 807
803 808
802 808
802 805
800 803
797 803
795 804
791 804
793 807
794 808
794 811
795 813
795 813
792 817
787 820
788 824
787 825
785 827
783 829
780 831
776 832
768 835
767 835
766 836
763 838
762 838
762 839
761 838
760 835
758 835
753 835
753 837
752 838
749 841
749 843
751 843
751 843
751 844
748 845
747 846
746 847
744 848
741 849
740 850
738 851
737 851
735 851
733 853
733 855
734 857
734 859
732 860
730 861
729 860
723 860
722 863
725 866
727 868
727 870
728 870
728 873
724 876
722 877
721 878
722 881
723 884
723 885
720 888
720 892
721 894
723 897
721 902
722 903
726 908
726 912
728 913
729 915
729 918
729 919
726 922
723 924
720 921
716 920
711 919
706 920
703 920
698 919
695 917
692 915
689 913
688 912
683 908
682 908
679 907
676 904
675 900
673 896
672 895
671 893
669 890
667 887
667 885
669 880
668 879
666 878
665 877
665 872
665 871
663 867
661 866
659 865
658 864
656 860
654 859
652 855
650 854
648 850
647 848
645 846
643 844
642 840
640 835
640 831
637 829
636 824
636 818
633 816
631 815
628 813
627 813
622 809
621 808
619 803
617 800
614 798
613 798
609 797
609 797
608 798
606 798
602 798
600 796
596 796
592 796
589 793
588 796
586 797
583 795
577 798
577 802
576 804
572 809
569 813
563 817
560 817
558 814
556 814
551 813
549 810
547 809
544 806
542 804
539 803
537 800
533 796
530 795
527 793
525 790
523 783
524 781
526 780
525 777
523 775
522 772
521 771
522 768
521 766
518 764
515 760
512 757
510 755
507 752
504 748
501 746
498 741
496 739
494 738
492 735
490 733
487 730
485 728
483 725
481 724
477 721
477 720
477 715
477 715
481 717
486 717
488 717
494 717
498 717
508 719
511 719
519 719
526 721
530 721
535 721
544 722
550 722
553 724
554 724
576 726
575 726
574 726
574 726
573 725
575 717
575 712
575 705
576 697
576 692
576 686
577 681
577 676
578 668
579 665
579 660
581 654
581 652
581 652
581 652
583 653
581 653
577 650
577 649
581 644
580 636
581 627
581 622
582 613
583 607
585 599
585 595
585 589
585 580
589 580
589 580
594 579
599 579
605 582
612 582
617 583
622 584
627 583
633 585
640 585
643 585
646 585
651 585
655 585
659 585
661 586
662 587
662 587
662 587
