408 383
408 383
406 388
405 392
405 395
404 403
403 408
403 412
404 412
409 412
416 412
420 415
426 415
436 417
440 418
447 420
450 421
451 424
451 431
448 435
448 442
447 449
446 454
445 458
444 464
444 469
443 472
443 479
442 480
442 480
442 486
440 493
440 497
439 503
438 510
438 513
437 519
437 521
436 523
435 529
435 534
434 537
434 544
434 546
433 546
429 547
427 546
421 544
415 544
411 543
407 542
402 541
397 540
391 540
387 540
380 539
375 538
366 537
364 537
362 536
350 534
346 533
340 533
334 533
331 533
322 530
312 528
309 527
309 527
309 525
309 521
310 515
311 512
313 507
313 503
315 499
316 495
316 490
317 486
318 480
318 477
318 477
319 472
320 467
321 464
321 459
322 455
324 450
325 448
325 446
326 442
326 438
326 438
326 438
326 438
326 438
326 438
326 438
328 433
328 429
329 421
331 413
333 405
334 398
334 393
334 387
337 381
339 372
339 369
338 368
340 369
349 372
350 372
351 372
354 373
357 373
361 373
365 373
370 373
375 375
381 376
388 377
394 379
401 380
404 381
405 382
406 382
407 383
407 383
407 383
