1315 243
1315 243
1316 249
1316 253
1317 254
1317 259
1315 260
1314 261
1311 263
1309 265
1309 268
1308 273
1311 274
1311 276
1310 278
1309 288
1309 290
1307 294
1308 298
1308 301
1310 304
1309 307
1309 311
1309 312
1309 315
1310 318
1307 318
1305 318
1304 318
1299 318
1295 320
1294 320
1293 317
1292 313
1291 310
1290 309
1290 305
1289 302
1288 297
1286 295
1285 294
1283 292
1284 290
1284 290
1283 288
1281 285
1280 282
1279 277
1280 274
1281 272
1280 269
1280 266
1279 265
1277 259
1275 255
1276 253
1278 252
1279 252
1282 251
1285 251
1289 249
1293 249
1302 245
1303 245
1305 245
1311 242
1312 242
1313 243
1315 243
1315 243
1316 242
1316 242
