1082 561
1082 561
1083 561
1087 562
1091 563
1098 560
1105 558
1110 557
1115 557
1120 557
1126 557
1129 555
1133 554
1139 554
1144 552
1146 552
1149 552
1154 554
1159 553
1165 551
1175 548
1176 548
1181 550
1188 547
1194 546
1202 544
1208 544
1216 542
1222 540
1222 540
1228 540
1234 538
1243 538
1248 536
1255 534
1262 533
1266 532
1270 530
1274 529
1276 528
1276 524
1274 521
1271 520
1268 520
1262 521
1259 522
1259 522
1258 520
1256 520
1255 518
1255 518
1255 518
1257 517
1260 517
1262 516
1262 514
1259 513
1256 512
1255 512
1254 510
1255 510
1257 510
1258 508
1258 507
1259 507
1259 507
1260 507
1260 507
1260 504
1258 502
1256 501
1256 500
1256 497
1257 495
1258 493
1257 490
1253 489
1250 487
1248 486
1244 486
1244 486
1244 486
1244 486
1243 486
1243 486
1242 485
1242 484
1239 482
1237 481
1236 480
1235 480
1234 480
1234 480
1233 480
1232 480
1231 479
1230 478
1229 476
1229 472
1231 468
1231 467
1232 464
1232 462
1230 461
1226 460
1225 460
1223 458
1221 457
1220 456
1220 455
1218 454
1217 454
1216 454
1214 455
1212 459
1211 459
1206 457
1206 456
1203 455
1201 453
1200 452
1198 452
1197 456
1197 458
1199 460
1199 461
1199 461
1197 462
1195 465
1194 466
1192 468
1191 473
1190 474
1187 474
1186 473
1185 472
1185 473
1185 478
1184 480
1182 484
1180 486
1179 488
1177 489
1174 487
1172 485
1171 485
1171 485
1170 489
1169 491
1168 494
1166 497
1166 498
1166 499
1166 503
1164 508
1160 512
1160 512
1160 514
1162 515
1163 516
1163 517
1160 520
1159 524
1154 526
1152 527
1150 527
1148 526
1149 528
1146 531
1142 531
1139 532
1137 532
1134 533
1134 535
1131 535
1129 535
1124 535
1122 534
1120 532
1117 529
1116 529
1114 530
1113 532
1113 535
1107 538
1104 541
1103 541
1102 543
1101 545
1099 545
1099 547
1099 547
1098 548
1095 551
1095 553
1092 555
1089 557
1088 558
1086 558
1085 559
1085 560
1082 561
1082 562
1082 562
1084 562
1085 562
1087 562
1088 562
1090 562
1090 562
1090 562
