318 139
318 139
317 139
315 144
315 151
314 155
313 162
312 164
310 166
310 171
309 174
307 181
306 185
305 190
305 197
304 202
303 204
301 211
298 217
298 219
300 220
301 223
301 225
300 227
298 229
296 230
291 229
287 226
282 225
277 224
271 223
264 222
259 222
252 221
251 220
251 221
248 221
245 221
241 219
236 220
233 221
232 220
230 220
226 222
221 222
216 220
213 218
208 219
206 219
202 216
198 214
193 213
186 213
180 214
174 213
171 212
168 208
168 203
168 201
169 197
170 194
168 192
164 191
161 189
158 188
155 185
154 185
152 182
150 180
150 180
149 178
152 179
152 176
154 176
155 172
155 170
155 169
154 168
153 167
152 166
152 162
154 162
156 164
158 163
158 160
158 159
156 158
153 158
153 155
155 153
155 152
155 150
155 147
153 146
154 142
155 137
155 134
155 130
153 129
153 125
153 121
155 116
155 115
157 116
161 120
167 124
170 125
173 127
179 128
180 129
185 131
189 134
190 134
191 136
191 140
191 144
191 146
190 149
189 152
189 153
187 157
187 157
189 159
191 159
192 159
193 158
195 153
196 151
198 148
201 146
203 144
202 142
201 140
201 134
201 132
200 128
199 125
200 124
204 123
205 121
205 117
202 116
202 116
199 112
202 111
204 110
205 111
205 111
210 111
214 111
219 112
223 114
226 115
232 118
238 119
240 120
247 122
254 123
261 124
265 125
270 126
273 128
274 129
274 129
276 129
284 130
293 130
301 134
305 135
309 136
312 137
313 138
315 138
317 139
317 139