1117 528
1117 528
1120 530
1121 532
1125 534
1128 535
1131 536
1132 536
1134 534
1134 532
1135 532
1136 532
1138 532
1142 533
1144 532
1146 531
1147 530
1148 528
1150 526
1154 526
1161 524
1162 522
1164 518
1161 516
1158 515
1158 513
1161 510
1163 505
1167 502
1168 497
1170 493
1171 488
1171 484
1171 483
1173 485
1176 488
1177 488
1181 490
1182 488
1182 484
1182 478
1185 474
1185 473
1187 474
1188 474
1189 474
1191 473
1192 469
1193 468
1195 465
1195 463
1195 462
1197 462
1198 460
1198 456
1198 455
1198 452
1199 452
1201 453
1203 454
1206 456
1208 457
1210 458
1212 458
1214 458
1214 458
1215 454
1214 451
1213 451
1213 449
1212 446
1210 446
1209 445
1209 444
1208 443
1203 443
1198 444
1195 445
1194 446
1192 448
1191 448
1190 449
1190 449
1188 448
1188 448
1187 448
1181 451
1179 454
1178 454
1174 458
1174 459
1172 462
1172 462
1171 459
1171 457
1171 455
1169 453
1169 452
1168 451
1167 447
1167 447
1160 447
1157 448
1153 449
1147 450
1145 450
1145 450
1144 450
1144 449
1143 447
1141 445
1141 441
1141 438
1141 435
1140 433
1139 430
1139 426
1139 425
1138 423
1137 422
1137 422
1136 422
1136 423
1135 426
1135 428
1135 428
1133 431
1133 431
1133 433
1135 433
1136 435
1137 438
1137 439
1137 442
1137 445
1136 446
1135 447
1135 450
1135 453
1134 457
1134 457
1132 460
1130 461
1130 462
1129 462
1126 465
1125 465
1120 465
1118 467
1118 470
1116 473
1116 475
1115 478
1117 480
1114 481
1112 480
1111 480
1110 479
1108 480
1108 483
1108 486
1108 491
1107 494
1106 496
1102 498
1100 499
1100 499
1099 503
1098 505
1099 510
1101 513
1102 514
1103 517
1105 519
1106 521
1109 522
1110 525
1112 525
1114 525
1115 526
1116 526
1118 527
1119 529
1119 529
1119 528
1119 528
