892 389
892 389
898 388
903 387
909 387
918 387
927 387
936 387
943 386
951 386
954 384
959 383
957 380
959 372
957 370
954 368
952 363
952 357
957 351
957 348
956 345
954 340
955 336
956 331
959 329
959 325
959 322
961 317
962 313
962 310
962 308
964 306
965 304
967 302
969 298
969 295
969 295
966 297
964 299
962 303
962 307
961 308
956 311
955 312
951 317
951 318
947 319
945 320
945 320
945 315
945 311
950 306
952 303
955 300
957 296
957 294
962 290
963 285
965 281
965 276
967 274
968 273
969 277
969 277
971 276
973 274
976 272
977 272
977 275
975 277
974 279
974 280
975 280
978 278
980 276
982 271
982 270
982 270
983 270
986 270
989 272
992 272
992 269
994 268
998 264
1000 263
1002 263
1008 264
1011 264
1013 266
1015 267
1016 267
1016 265
1016 264
1018 264
1018 264
1021 265
1023 265
1026 265
1028 264
1031 263
1035 263
1039 263
1042 263
1042 262
1042 260
1041 259
1038 259
1035 259
1033 259
1031 258
1029 256
1028 254
1024 252
1020 250
1016 250
1011 252
1009 252
1008 249
1007 248
1006 246
1006 244
1006 243
1005 243
1003 244
999 245
996 246
993 247
989 247
983 249
978 250
975 254
973 256
973 258
972 259
971 258
970 257
968 255
966 255
964 254
958 256
957 256
955 255
954 253
951 251
949 249
947 248
944 246
941 245
938 245
935 245
933 246
929 250
929 250
929 250
929 250
929 250
929 248
929 244
931 239
934 236
937 230
939 228
941 228
943 227
943 226
943 226
937 226
933 228
932 229
930 232
928 235
926 237
925 237
921 240
919 242
917 244
914 245
910 247
906 248
902 249
901 250
901 251
899 255
897 255
894 256
891 257
888 257
885 257
882 257
878 257
875 257
875 256
875 254
875 251
878 248
878 248
877 247
873 247
868 249
865 252
862 253
858 255
855 255
852 255
849 255
847 256
845 259
844 262
845 266
846 271
846 273
845 277
840 277
837 280
835 283
835 288
833 289
833 290
834 293
836 294
838 295
839 297
839 301
839 301
839 304
838 307
838 308
838 316
838 317
839 319
841 321
843 322
845 323
847 324
848 325
850 327
851 328
853 328
855 329
858 332
860 335
861 337
863 338
868 341
869 342
872 345
873 348
873 350
874 354
874 355
874 356
874 359
876 360
878 362
879 363
880 364
878 365
877 368
877 369
877 373
876 375
879 378
881 380
884 381
887 384
889 385
890 387
891 387
892 387
894 389
894 388
894 388
