581 308
582 308
582 308
582 308
581 312
580 318
580 324
580 328
579 332
578 338
578 345
578 352
576 358
576 364
577 369
577 372
577 377
576 378
575 383
574 390
573 395
573 402
573 405
573 410
571 418
571 421
571 429
571 433
570 434
566 433
559 432
549 430
541 430
534 430
528 428
521 427
511 427
504 426
493 426
488 426
481 424
474 422
463 421
456 421
451 420
443 418
433 417
424 415
408 413
403 412
403 410
405 404
406 397
406 388
408 382
410 375
411 369
411 364
413 360
414 355
416 349
417 346
417 339
418 334
419 328
419 324
419 320
420 315
421 313
421 308
422 302
422 296
425 291
425 287
425 287
428 287
429 287
433 287
436 288
440 289
447 289
452 291
460 292
469 293
473 293
483 294
498 296
499 296
500 296
507 296
524 300
532 300
549 303
555 303
556 303
561 303
566 303
570 303
572 304
576 304
580 305
582 306
582 307
580 309
580 309
580 309
